22:35:40    464   0.009       0   0.000  0.001 ioctl
22:35:41    935   0.000       0   0.000  0.000 
22:35:42    949   0.000       0   0.000  0.000 writev
22:35:43    935   0.000       0   0.000  0.000 
22:35:44    935   0.000       0   0.000  0.000 
22:35:45    934   0.000       0   0.000  0.000 
22:35:46    935   0.000       0   0.000  0.000 
22:35:47    935   0.000       0   0.000  0.000 
22:35:48    935   0.000       0   0.000  0.000 
22:35:49    934   0.000       0   0.000  0.000 
22:35:50    935   0.000       0   0.000  0.000 
22:35:51    934   0.000       0   0.000  0.000 
22:35:52    935   0.000       0   0.000  0.000 
22:35:53    935   0.000       0   0.000  0.000 
22:35:54    934   0.000       0   0.000  0.000 
22:35:55    935   0.000       0   0.000  0.000 
22:35:56    934   0.000       0   0.000  0.000 
22:35:57    935   0.000       0   0.000  0.000 
22:35:58    936   0.000       0   0.000  0.000 
22:35:59  10241   0.054       0   0.000  0.001 ioctl
22:36:00  19659   0.125       0   0.000  0.001 ioctl
22:36:01  24747   0.161       0   0.000  0.000 mmap
22:36:02  13549   0.070       0   0.000  0.001 ioctl
22:36:03   7151   0.022       0   0.000  0.000 write
22:36:04   7484   0.021       0   0.000  0.000 write
22:36:05   8769   0.027       0   0.000  0.001 ioctl
22:36:06   7707   0.022       0   0.000  0.000 write
22:36:07   8402   0.023       0   0.000  0.000 write
22:36:08   9793   0.037       0   0.000  0.001 ioctl
22:36:09   8123   0.017       0   0.000  0.000 write
22:36:10   7770   0.018       0   0.000  0.000 write
22:36:11  10691   0.035       0   0.000  0.001 ioctl
22:36:12   9823   0.028       0   0.000  0.000 getsockopt
22:36:13  12251   0.042       0   0.000  0.001 ioctl
22:36:14   7102   0.023       0   0.000  0.000 write
22:36:15   8168   0.018       0   0.000  0.000 write
22:36:16  12130   0.036       0   0.000  0.001 ioctl
22:36:17   6764   0.017       0   0.000  0.000 getsockopt
22:36:18   8142   0.019       0   0.000  0.000 write
22:36:19  12139   0.036       0   0.000  0.001 ioctl
22:36:20   5650   0.015       0   0.000  0.000 write
22:36:21   7978   0.023       0   0.000  0.000 write
22:36:22   7590   0.021       0   0.000  0.000 write
22:36:23   9793   0.031       0   0.000  0.000 write
22:36:24   9230   0.026       0   0.000  0.000 write
22:36:25   9508   0.025       0   0.000  0.000 write
22:36:26  10147   0.032       0   0.000  0.000 write
22:36:27   7116   0.014       0   0.000  0.000 write
22:36:28   9222   0.024       0   0.000  0.000 write
22:36:29  11634   0.038       0   0.000  0.000 fstat
22:36:30   5131   0.016       0   0.000  0.000 write
22:36:31   7315   0.022       0   0.000  0.000 write
22:36:32   7377   0.018       0   0.000  0.000 write
22:36:33   9435   0.966       0   0.000  0.021 socket
22:36:34   6608   0.017       0   0.000  0.000 write
22:36:35   6785   0.017       0   0.000  0.000 write
22:36:36   6744   0.018       0   0.000  0.000 write
22:36:37   7994   0.057       0   0.000  0.001 ioctl
22:36:38   6492   0.018       0   0.000  0.000 write
22:36:39   6539   0.018       0   0.000  0.000 write
22:36:40   6549   0.018       0   0.000  0.000 write
22:36:41   7791   0.039       0   0.000  0.001 ioctl
22:36:42   6572   0.018       0   0.000  0.000 write
22:36:43   6644   0.018       0   0.000  0.000 getsockopt
22:36:44   6856   0.018       0   0.000  0.000 write
22:36:45   8104   0.034       0   0.000  0.000 write
22:36:46   7129   0.020       0   0.000  0.000 write
22:36:47   7332   0.022       0   0.000  0.000 write
22:36:48   8787   0.039       0   0.000  0.000 fstat
22:36:49   6140   0.015       0   0.000  0.000 write
22:36:50   6911   0.017       0   0.000  0.000 write
22:36:51   6787   0.016       0   0.000  0.000 write
22:36:52   6978   0.017       0   0.000  0.000 write
22:36:53   6650   0.017       0   0.000  0.000 getsockopt
22:36:54   6728   0.018       0   0.000  0.000 write
22:36:55   6603   0.017       0   0.000  0.000 getsockopt
22:36:56   8472   0.036       0   0.000  0.000 fstat
22:36:57   7208   0.022       0   0.000  0.000 write
22:36:58   7331   0.023       0   0.000  0.000 fstat
22:36:59   9614   0.043       0   0.000  0.000 write
22:37:00   6742   0.018       0   0.000  0.000 getsockopt
22:37:01   7403   0.022       0   0.000  0.000 write
22:37:02   7191   0.023       0   0.000  0.000 write
22:37:03   8212   0.036       0   0.000  0.000 fstat
22:37:04   6419   0.021       0   0.000  0.002 fstat
22:37:05   6659   0.019       0   0.000  0.000 write
22:37:06   6536   0.018       0   0.000  0.000 write
22:37:07   8029   0.037       0   0.000  0.000 write
22:37:08   6599   0.019       0   0.000  0.000 write
22:37:09   6717   0.019       0   0.000  0.000 write
22:37:10   8649   0.041       0   0.000  0.000 fstat
22:37:11   6987   0.019       0   0.000  0.000 write
22:37:12   8054   0.023       0   0.000  0.000 write
22:37:13   7786   0.020       0   0.000  0.000 write
22:37:14   8122   0.021       0   0.000  0.000 write
22:37:15   8196   0.021       0   0.000  0.000 write
22:37:16  10731   0.045       0   0.000  0.000 getsockopt
22:37:17   6238   0.018       0   0.000  0.000 write
22:37:18   6038   0.017       0   0.000  0.000 write
22:37:19   6580   0.017       0   0.000  0.000 getsockopt
22:37:20   8394   0.040       0   0.000  0.000 fstat
22:37:21   6066   0.018       0   0.000  0.000 write
22:37:22   6235   0.018       0   0.000  0.000 write
22:37:23   6563   0.018       0   0.000  0.000 write
22:37:24   8646   0.040       0   0.000  0.000 write
22:37:25   6730   0.019       0   0.000  0.000 write
22:37:26   7668   0.021       0   0.000  0.000 write
22:37:27   7760   0.020       0   0.000  0.000 write
22:37:28   9647   0.043       0   0.000  0.000 fstat
22:37:29   7553   0.021       0   0.000  0.000 write
22:37:30   7895   0.022       0   0.000  0.000 write
22:37:31   9291   0.038       0   0.000  0.000 fstat
22:37:32   6192   0.017       0   0.000  0.000 write
22:37:33   7088   0.020       0   0.000  0.000 write
22:37:34   7619   0.020       0   0.000  0.000 write
22:37:35   6925   0.018       0   0.000  0.000 fstat
22:37:36   7066   0.018       0   0.000  0.000 fstat
22:37:37   7604   0.025       0   0.000  0.003 getsockopt
22:37:38   9441   0.047       0   0.000  0.000 getsockopt
22:37:39   7254   0.024       0   0.000  0.000 write
22:37:40   7963   0.023       0   0.000  0.000 write
22:37:41   8396   0.029       0   0.000  0.000 write
22:37:42   7243   0.023       0   0.000  0.000 write
22:37:43   7846   0.030       0   0.000  0.000 write
22:37:44   9527   0.050       0   0.000  0.000 fstat
22:37:45   6428   0.023       0   0.000  0.000 write
22:37:46   6733   0.025       0   0.000  0.000 write
22:37:47   7469   0.028       0   0.000  0.000 write
22:37:48   6881   0.025       0   0.000  0.000 write
22:37:49   6857   0.024       0   0.000  0.000 madvise
22:37:50   7456   0.023       0   0.000  0.000 write
22:37:51   9714   0.042       0   0.000  0.000 getsockopt
22:37:52   7130   0.022       0   0.000  0.000 write
22:37:53   8091   0.026       0   0.000  0.000 write
22:37:54   8466   0.025       0   0.000  0.000 write
22:37:55   9107   0.039       0   0.000  0.000 getsockopt
22:37:56   6892   0.020       0   0.000  0.000 write
22:37:57   8700   0.038       0   0.000  0.000 fstat
22:37:58   6239   0.018       0   0.000  0.000 write
22:37:59   6789   0.019       0   0.000  0.000 write
22:38:00   7068   0.020       0   0.000  0.000 write
22:38:01   4994   0.014       0   0.000  0.000 write
22:38:02   3935   0.010       0   0.000  0.000 getsockopt
22:38:03   3957   0.010       0   0.000  0.000 write
22:38:04   3996   0.009       0   0.000  0.000 fstat
22:38:05   4007   0.009       0   0.000  0.000 fstat
22:38:06   4169   0.010       0   0.000  0.000 fstat
22:38:07   4297   0.011       0   0.000  0.000 fstat
22:38:08  14549   0.102       0   0.000  0.000 fstat
22:38:09  32541   0.241       0   0.000  0.000 fstat
22:38:10  27663   0.198       0   0.000  0.000 fstat
22:38:11  21839   0.152       0   0.000  0.000 fstat
22:38:12  18638   0.124       0   0.000  0.000 fstat
22:38:13  18289   0.125       0   0.000  0.000 fstat
22:38:14  18607   0.126       0   0.000  0.000 fstat
22:38:15  17612   0.125       0   0.000  0.000 getsockopt
22:38:16  15252   0.113       0   0.000  0.000 getsockopt
22:38:17  14736   0.107       0   0.000  0.000 getsockopt
22:38:18  14646   0.099       0   0.000  0.000 getsockopt
22:38:19  15293   0.110       0   0.000  0.000 getsockopt
22:38:20  14052   0.105       0   0.000  0.000 getsockopt
22:38:21  13985   0.093       0   0.000  0.000 getsockopt
22:38:22  15175   0.111       0   0.000  0.000 getsockopt
22:38:23  15061   0.109       0   0.000  0.000 getsockopt
22:38:24  14385   0.092       0   0.000  0.000 fstat
22:38:25  14169   0.098       0   0.000  0.000 getsockopt
22:38:26  14799   0.118       0   0.000  0.000 getsockopt
22:38:27  14583   0.099       0   0.000  0.000 fstat
22:38:28  13852   0.096       0   0.000  0.000 fstat
22:38:29  15068   0.120       0   0.000  0.000 getsockopt
22:38:30  14452   0.097       0   0.000  0.000 getsockopt
22:38:31  15231   0.105       0   0.000  0.004 fstat
22:38:32  14251   0.104       0   0.000  0.000 getsockopt
22:38:33  13875   0.098       0   0.000  0.000 fstat
22:38:34  15150   0.111       0   0.000  0.000 getsockopt
22:38:35  14213   0.095       0   0.000  0.000 fstat
22:38:36  14394   0.108       0   0.000  0.000 getsockopt
22:38:37  15114   0.105       0   0.000  0.000 fstat
22:38:38  14941   0.109       0   0.000  0.000 getsockopt
22:38:39  16212   0.103       0   0.000  0.000 fstat
22:38:40  15508   0.098       0   0.000  0.000 getsockopt
22:38:41  16731   0.124       0   0.000  0.000 getsockopt
22:38:42  15972   0.118       0   0.000  0.000 fstat
22:38:43  18741   0.136       0   0.000  0.000 fstat
22:38:44  18553   0.127       0   0.000  0.000 getsockopt
22:38:45  18336   0.141       0   0.000  0.000 getsockopt
22:38:46  17665   0.124       0   0.000  0.000 fstat
22:38:47  18651   0.127       0   0.000  0.000 getsockopt
22:38:48  18681   0.138       0   0.000  0.000 getsockopt
22:38:49  18651   0.141       0   0.000  0.000 write
22:38:50  18844   0.140       0   0.000  0.000 getsockopt
22:38:51  18291   0.136       0   0.000  0.000 getsockopt
22:38:52  18209   0.133       0   0.000  0.000 getsockopt
22:38:53  18413   0.134       0   0.000  0.000 getsockopt
22:38:54  18860   0.134       0   0.000  0.000 getsockopt
22:38:55  18457   0.127       0   0.000  0.000 getsockopt
22:38:56  17561   0.131       0   0.000  0.000 fstat
22:38:57  18419   0.127       0   0.000  0.000 getsockopt
22:38:58   9526   0.108       0   0.000  0.044 writev
22:38:59    940   0.000       0   0.000  0.000 fstat
22:39:00    928   0.049       0   0.000  0.049 writev
22:39:01    936   0.047       0   0.000  0.047 writev
22:39:02    942   0.035       0   0.000  0.035 writev
22:39:03    936   0.033       0   0.000  0.033 writev
22:39:04    927   0.000       0   0.000  0.000 
22:39:05    926   0.000       0   0.000  0.000 
22:39:06    926   0.000       0   0.000  0.000 
22:39:07    926   0.000       0   0.000  0.000 
22:39:08    931   0.000       0   0.000  0.000 
22:39:09    933   0.000       0   0.000  0.000 
22:39:10    932   0.000       0   0.000  0.000 
22:39:11    933   0.000       0   0.000  0.000 
22:39:12    932   0.000       0   0.000  0.000 
22:39:13    932   0.000       0   0.000  0.000 
22:39:14    933   0.000       0   0.000  0.000 
22:39:15    932   0.000       0   0.000  0.000 
22:39:16    933   0.000       0   0.000  0.000 
22:39:17    932   0.000       0   0.000  0.000 
22:39:18    932   0.000       0   0.000  0.000 
22:39:19    932   0.000       0   0.000  0.000 
22:39:20    933   0.000       0   0.000  0.000 
22:39:21    932   0.000       0   0.000  0.000 
22:39:22    933   0.000       0   0.000  0.000 
22:39:23    932   0.000       0   0.000  0.000 
22:39:24    932   0.000       0   0.000  0.000 
22:39:25    933   0.000       0   0.000  0.000 
22:39:26    932   0.000       0   0.000  0.000 
22:39:27    932   0.000       0   0.000  0.000 
22:39:28    933   0.000       0   0.000  0.000 
22:39:29    932   0.000       0   0.000  0.000 
22:39:30    932   0.000       0   0.000  0.000 
22:39:31    932   0.000       0   0.000  0.000 
22:39:32    933   0.000       0   0.000  0.000 
22:39:33    932   0.000       0   0.000  0.000 
22:39:34   1054   0.018       0   0.000  0.003 munmap
22:39:35    986   0.041       0   0.000  0.039 writev
22:39:36    932   0.000       0   0.000  0.000 
22:39:37    932   0.000       0   0.000  0.000 
22:39:38    933   0.000       0   0.000  0.000 
22:39:39    932   0.000       0   0.000  0.000 
22:39:40    932   0.000       0   0.000  0.000 
22:39:41    932   0.000       0   0.000  0.000 
22:39:42    932   0.000       0   0.000  0.000 
22:39:43    933   0.000       0   0.000  0.000 
22:39:44    932   0.000       0   0.000  0.000 
22:39:45    932   0.000       0   0.000  0.000 
22:39:46    932   0.000       0   0.000  0.000 
22:39:47    932   0.000       0   0.000  0.000 
22:39:48    933   0.000       0   0.000  0.000 
22:39:49    932   0.000       0   0.000  0.000 
22:39:50    932   0.000       0   0.000  0.000 
22:39:51    932   0.000       0   0.000  0.000 
22:39:52    932   0.000       0   0.000  0.000 
22:39:53    958   0.053       0   0.000  0.048 writev
22:39:54    947   0.049       0   0.000  0.049 writev
22:39:55    942   0.038       0   0.000  0.038 writev
22:39:56    932   0.000       0   0.000  0.000 
22:39:57    933   0.000       0   0.000  0.000 
22:39:58    932   0.000       0   0.000  0.000 
22:39:59    932   0.000       0   0.000  0.000 
22:40:00    932   0.000       0   0.000  0.000 
22:40:01    932   0.000       0   0.000  0.000 
22:40:02    948   0.034       0   0.000  0.034 writev
22:40:03    932   0.000       0   0.000  0.000 
22:40:04    942   0.042       0   0.000  0.042 writev
22:40:05    933   0.000       0   0.000  0.000 
22:40:06    932   0.000       0   0.000  0.000 
22:40:07    932   0.000       0   0.000  0.000 
22:40:08    932   0.000       0   0.000  0.000 
22:40:09    932   0.000       0   0.000  0.000 
22:40:10    933   0.000       0   0.000  0.000 
22:40:11    935   0.000       0   0.000  0.000 
22:40:12    944   0.039       0   0.000  0.039 writev
22:40:13    936   0.000       0   0.000  0.000 
22:40:14    939   0.051       0   0.000  0.051 writev
22:40:15    933   0.000       0   0.000  0.000 
22:40:16    932   0.000       0   0.000  0.000 
22:40:17    932   0.000       0   0.000  0.000 
22:40:18    932   0.000       0   0.000  0.000 
22:40:19    932   0.000       0   0.000  0.000 
22:40:20    933   0.000       0   0.000  0.000 
22:40:21    932   0.000       0   0.000  0.000 
22:40:22    935   0.000       0   0.000  0.000 
22:40:23    944   0.042       0   0.000  0.042 writev
22:40:24    936   0.000       0   0.000  0.000 
22:40:25    939   0.048       0   0.000  0.048 writev
22:40:26    932   0.000       0   0.000  0.000 
22:40:27    933   0.000       0   0.000  0.000 
22:40:28    932   0.000       0   0.000  0.000 
22:40:29    947   0.044       0   0.000  0.044 writev
22:40:30    932   0.000       0   0.000  0.000 
22:40:31    936   0.000       0   0.000  0.000 
22:40:32    939   0.039       0   0.000  0.039 writev
22:40:33    932   0.000       0   0.000  0.000 
22:40:34    932   0.000       0   0.000  0.000 
22:40:35    932   0.000       0   0.000  0.000 
22:40:36    932   0.000       0   0.000  0.000 
22:40:37    933   0.000       0   0.000  0.000 
22:40:38    932   0.000       0   0.000  0.000 
22:40:39    933   0.000       0   0.000  0.000 
22:40:40    932   0.000       0   0.000  0.000 
22:40:41    932   0.000       0   0.000  0.000 
22:40:42    932   0.000       0   0.000  0.000 
22:40:43    933   0.000       0   0.000  0.000 
22:40:44    932   0.000       0   0.000  0.000 
22:40:45    932   0.000       0   0.000  0.000 
22:40:46    932   0.000       0   0.000  0.000 
22:40:47    933   0.000       0   0.000  0.000 
22:40:48    932   0.000       0   0.000  0.000 
22:40:49    932   0.000       0   0.000  0.000 
22:40:50    932   0.000       0   0.000  0.000 
22:40:51    932   0.000       0   0.000  0.000 
22:40:52    932   0.000       0   0.000  0.000 
22:40:53    932   0.000       0   0.000  0.000 
22:40:54    932   0.000       0   0.000  0.000 
22:40:55    932   0.000       0   0.000  0.000 
22:40:56    932   0.000       0   0.000  0.000 
22:40:57    932   0.000       0   0.000  0.000 
22:40:58    932   0.000       0   0.000  0.000 
22:40:59    933   0.000       0   0.000  0.000 
22:41:00    932   0.000       0   0.000  0.000 
22:41:01    932   0.000       0   0.000  0.000 
22:41:02    940   0.001       0   0.000  0.001 ioctl
22:41:03    988   0.028       0   0.000  0.026 writev
22:41:04    932   0.000       0   0.000  0.000 
22:41:05    932   0.000       0   0.000  0.000 
22:41:06    932   0.000       0   0.000  0.000 
22:41:07    932   0.000       0   0.000  0.000 
22:41:08    935   0.000       0   0.000  0.000 
22:41:09    944   0.032       0   0.000  0.032 writev
22:41:10    932   0.000       0   0.000  0.000 
22:41:11    932   0.000       0   0.000  0.000 
22:41:12    932   0.000       0   0.000  0.000 
22:41:13    932   0.000       0   0.000  0.000 
22:41:14    932   0.000       0   0.000  0.000 
22:41:15    937   0.004       0   0.000  0.002 munmap
22:41:16    933   0.000       0   0.000  0.000 
22:41:17    932   0.000       0   0.000  0.000 
22:41:18    932   0.000       0   0.000  0.000 
22:41:19    933   0.000       0   0.000  0.000 
22:41:20    932   0.000       0   0.000  0.000 
22:41:21    932   0.000       0   0.000  0.000 
22:41:22    526   0.000       0   0.000  0.000 
