22:35:41   1276   0.010       0   0.000  0.001 ioctl
22:35:42    949   0.000       0   0.000  0.000 writev
22:35:43    935   0.000       0   0.000  0.000 
22:35:44    934   0.000       0   0.000  0.000 
22:35:45    935   0.000       0   0.000  0.000 
22:35:46    934   0.000       0   0.000  0.000 
22:35:47    934   0.000       0   0.000  0.000 
22:35:48    934   0.000       0   0.000  0.000 
22:35:49    935   0.000       0   0.000  0.000 
22:35:50    934   0.000       0   0.000  0.000 
22:35:51    934   0.000       0   0.000  0.000 
22:35:52    935   0.000       0   0.000  0.000 
22:35:53    934   0.000       0   0.000  0.000 
22:35:54    935   0.000       0   0.000  0.000 
22:35:55    934   0.000       0   0.000  0.000 
22:35:56    934   0.000       0   0.000  0.000 
22:35:57    935   0.000       0   0.000  0.000 
22:35:58    934   0.000       0   0.000  0.000 
22:35:59   9045   0.066       0   0.000  0.001 ioctl
22:36:00  16260   0.132       0   0.000  0.001 ioctl
22:36:01  23444   0.158       0   0.000  0.000 mprotect
22:36:02  15361   0.086       0   0.000  0.004 mprotect
22:36:03   9700   0.035       0   0.000  0.001 ioctl
22:36:04   8323   0.019       0   0.000  0.000 getsockopt
22:36:05   7923   0.016       0   0.000  0.000 mprotect
22:36:06   8868   0.020       0   0.000  0.000 writev
22:36:07   8350   0.021       0   0.000  0.000 write
22:36:08   8578   0.029       0   0.000  0.001 ioctl
22:36:09   8025   0.021       0   0.000  0.000 write
22:36:10  11034   0.036       0   0.000  0.001 ioctl
22:36:11   8226   0.022       0   0.000  0.001 ioctl
22:36:12   9767   0.025       0   0.000  0.000 fstat
22:36:13  11232   0.039       0   0.000  0.001 ioctl
22:36:14   9464   0.023       0   0.000  0.000 mprotect
22:36:15  10591   0.025       0   0.000  0.001 ioctl
22:36:16   8031   0.016       0   0.000  0.000 write
22:36:17   8028   0.017       0   0.000  0.000 write
22:36:18   8194   0.019       0   0.000  0.000 write
22:36:19   8196   0.017       0   0.000  0.000 write
22:36:20  10037   0.031       0   0.000  0.001 ioctl
22:36:21   8028   0.019       0   0.000  0.000 mprotect
22:36:22   8157   0.021       0   0.000  0.000 mprotect
22:36:23  10797   0.038       0   0.000  0.001 ioctl
22:36:24   9508   0.016       0   0.000  0.000 mprotect
22:36:25   9592   0.016       0   0.000  0.000 write
22:36:26  10630   0.032       0   0.000  0.000 write
22:36:27   6904   0.017       0   0.000  0.000 fstat
22:36:28   8913   0.024       0   0.000  0.000 write
22:36:29  11386   0.036       0   0.000  0.000 fstat
22:36:30   4942   0.012       0   0.000  0.000 write
22:36:31   7266   0.020       0   0.000  0.000 write
22:36:32   7293   0.018       0   0.000  0.000 write
22:36:33  11242   0.673       0   0.000  0.013 eventfd2
22:36:34   6526   0.023       0   0.000  0.000 write
22:36:35   6673   0.022       0   0.000  0.000 write
22:36:36   6724   0.020       0   0.000  0.000 write
22:36:37   6253   0.019       0   0.000  0.000 write
22:36:38   6530   0.020       0   0.000  0.000 write
22:36:39   6504   0.022       0   0.000  0.000 write
22:36:40   6552   0.023       0   0.000  0.000 write
22:36:41   7754   0.038       0   0.000  0.000 write
22:36:42   6466   0.021       0   0.000  0.000 write
22:36:43   6565   0.021       0   0.000  0.000 write
22:36:44   8644   0.045       0   0.000  0.000 fstat
22:36:45   6818   0.022       0   0.000  0.000 write
22:36:46   7077   0.022       0   0.000  0.000 write
22:36:47   7333   0.023       0   0.000  0.000 write
22:36:48   8854   0.042       0   0.000  0.000 getsockopt
22:36:49   5954   0.021       0   0.000  0.000 write
22:36:50   6817   0.024       0   0.000  0.000 write
22:36:51   6767   0.022       0   0.000  0.000 write
22:36:52   6953   0.024       0   0.000  0.000 write
22:36:53   6670   0.022       0   0.000  0.000 write
22:36:54   6805   0.023       0   0.000  0.000 fstat
22:36:55   6565   0.022       0   0.000  0.000 write
22:36:56  10739   0.064       0   0.000  0.000 fstat
22:36:57   7152   0.023       0   0.000  0.000 write
22:36:58   7232   0.024       0   0.000  0.000 write
22:36:59   7940   0.026       0   0.000  0.000 write
22:37:00   6783   0.021       0   0.000  0.000 write
22:37:01   7359   0.024       0   0.000  0.000 write
22:37:02   9298   0.043       0   0.000  0.000 write
22:37:03   5954   0.019       0   0.000  0.000 write
22:37:04   6420   0.021       0   0.000  0.000 write
22:37:05   6620   0.022       0   0.000  0.000 write
22:37:06   8663   0.041       0   0.000  0.000 fstat
22:37:07   6043   0.019       0   0.000  0.000 write
22:37:08   6683   0.021       0   0.000  0.000 write
22:37:09   6767   0.021       0   0.000  0.000 write
22:37:10  10429   0.050       0   0.000  0.000 fstat
22:37:11   7803   0.027       0   0.000  0.000 write
22:37:12   8097   0.027       0   0.000  0.000 write
22:37:13   8096   0.027       0   0.000  0.000 write
22:37:14   7461   0.025       0   0.000  0.000 write
22:37:15   7484   0.025       0   0.000  0.000 write
22:37:16   9314   0.043       0   0.000  0.000 fstat
22:37:17   6272   0.022       0   0.000  0.000 write
22:37:18   5995   0.020       0   0.000  0.000 write
22:37:19   6596   0.023       0   0.000  0.000 write
22:37:20   8302   0.035       0   0.000  0.000 getsockopt
22:37:21   6200   0.020       0   0.000  0.000 fstat
22:37:22   6274   0.021       0   0.000  0.000 write
22:37:23   6509   0.022       0   0.000  0.000 write
22:37:24  11236   0.053       0   0.000  0.000 getsockopt
22:37:25   9367   0.032       0   0.000  0.000 write
22:37:26   8735   0.040       0   0.000  0.000 fstat
22:37:27   8616   0.033       0   0.000  0.000 write
22:37:28   7454   0.025       0   0.000  0.000 write
22:37:29   7661   0.022       0   0.000  0.000 write
22:37:30   9947   0.046       0   0.000  0.000 fstat
22:37:31   6967   0.021       0   0.000  0.000 write
22:37:32   6227   0.019       0   0.000  0.000 write
22:37:33   7719   0.023       0   0.000  0.000 write
22:37:34   7087   0.021       0   0.000  0.000 write
22:37:35   6886   0.021       0   0.000  0.000 write
22:37:36   7223   0.023       0   0.000  0.000 write
22:37:37  12367   0.054       0   0.000  0.000 getsockopt
22:37:38   8462   0.027       0   0.000  0.000 write
22:37:39   7820   0.026       0   0.000  0.000 write
22:37:40   7868   0.023       0   0.000  0.000 fstat
22:37:41   7863   0.025       0   0.000  0.000 write
22:37:42   9432   0.043       0   0.000  0.000 write
22:37:43   7837   0.024       0   0.000  0.000 fstat
22:37:44   7182   0.022       0   0.000  0.000 fstat
22:37:45   6482   0.024       0   0.000  0.004 fstat
22:37:46   7424   0.023       0   0.000  0.000 write
22:37:47   7160   0.023       0   0.000  0.000 write
22:37:48   7121   0.022       0   0.000  0.000 write
22:37:49   9952   0.048       0   0.000  0.001 madvise
22:37:50   8744   0.028       0   0.000  0.000 write
22:37:51   8683   0.032       0   0.000  0.000 write
22:37:52   7581   0.027       0   0.000  0.000 getsockopt
22:37:53   7873   0.028       0   0.000  0.000 write
22:37:54   7718   0.026       0   0.000  0.000 write
22:37:55   9614   0.046       0   0.000  0.000 write
22:37:56   6918   0.022       0   0.000  0.000 write
22:37:57   6664   0.022       0   0.000  0.000 write
22:37:58   6764   0.021       0   0.000  0.000 write
22:37:59   9600   0.034       0   0.000  0.000 write
22:38:00  11839   0.048       0   0.000  0.000 getsockopt
22:38:01   9193   0.044       0   0.000  0.000 fstat
22:38:02  40514   0.325       0   0.000  0.000 fstat
22:38:03  41311   0.335       0   0.000  0.000 fstat
22:38:04  41756   0.338       0   0.000  0.000 fstat
22:38:05  42207   0.340       0   0.000  0.000 fstat
22:38:06  41927   0.329       0   0.000  0.000 getsockopt
22:38:07  42451   0.335       0   0.000  0.000 getsockopt
22:38:08  36343   0.270       0   0.000  0.000 getsockopt
22:38:09  31978   0.232       0   0.000  0.000 fstat
22:38:10  27620   0.200       0   0.000  0.000 fstat
22:38:11  21390   0.142       0   0.000  0.004 fstat
22:38:12  18737   0.130       0   0.000  0.000 getsockopt
22:38:13  18820   0.122       0   0.000  0.000 fstat
22:38:14  18567   0.133       0   0.000  0.000 getsockopt
22:38:15  18252   0.136       0   0.000  0.000 fstat
22:38:16  14705   0.096       0   0.000  0.000 getsockopt
22:38:17  15181   0.110       0   0.000  0.000 fstat
22:38:18  14540   0.101       0   0.000  0.000 fstat
22:38:19  15213   0.105       0   0.000  0.000 getsockopt
22:38:20  14315   0.092       0   0.000  0.000 fstat
22:38:21  15260   0.108       0   0.000  0.000 getsockopt
22:38:22  14241   0.097       0   0.000  0.000 getsockopt
22:38:23  14954   0.105       0   0.000  0.000 getsockopt
22:38:24  14707   0.101       0   0.000  0.000 getsockopt
22:38:25  14062   0.102       0   0.000  0.000 fstat
22:38:26  13989   0.097       0   0.000  0.000 getsockopt
22:38:27  15138   0.104       0   0.000  0.000 fstat
22:38:28  14281   0.090       0   0.000  0.000 getsockopt
22:38:29  14036   0.100       0   0.000  0.000 getsockopt
22:38:30  15524   0.110       0   0.000  0.000 getsockopt
22:38:31  15237   0.109       0   0.000  0.000 fstat
22:38:32  14454   0.095       0   0.000  0.000 fstat
22:38:33  15081   0.111       0   0.000  0.003 getsockopt
22:38:34  14706   0.099       0   0.000  0.000 fstat
22:38:35  14943   0.108       0   0.000  0.000 fstat
22:38:36  14271   0.099       0   0.000  0.000 fstat
22:38:37  14514   0.098       0   0.000  0.002 getsockopt
22:38:38  15358   0.109       0   0.000  0.000 fstat
22:38:39  16020   0.104       0   0.000  0.000 fstat
22:38:40  16952   0.111       0   0.000  0.000 getsockopt
22:38:41  15617   0.109       0   0.000  0.003 getsockopt
22:38:42  14698   0.102       0   0.000  0.000 getsockopt
22:38:43    954   0.098       0   0.000  0.054 writev
22:38:44    935   0.000       0   0.000  0.000 
22:38:45    940   0.037       0   0.000  0.037 writev
22:38:46    947   0.051       0   0.000  0.051 writev
22:38:47    943   0.039       0   0.000  0.039 writev
22:38:48    936   0.000       0   0.000  0.000 
22:38:49    945   0.050       0   0.000  0.050 writev
22:38:50    933   0.000       0   0.000  0.000 
22:38:51    935   0.000       0   0.000  0.000 
22:38:52    941   0.005       0   0.000  0.002 munmap
22:38:53    933   0.000       0   0.000  0.000 
22:38:54    933   0.000       0   0.000  0.000 
22:38:55    932   0.000       0   0.000  0.000 
22:38:56    933   0.000       0   0.000  0.000 
22:38:57    932   0.000       0   0.000  0.000 
22:38:58    933   0.000       0   0.000  0.000 
22:38:59    933   0.000       0   0.000  0.000 
22:39:00    932   0.000       0   0.000  0.000 
22:39:01    933   0.000       0   0.000  0.000 
22:39:02    933   0.000       0   0.000  0.000 
22:39:03    932   0.000       0   0.000  0.000 
22:39:04    933   0.000       0   0.000  0.000 
22:39:05    933   0.000       0   0.000  0.000 
22:39:06    932   0.000       0   0.000  0.000 
22:39:07    933   0.000       0   0.000  0.000 
22:39:08    932   0.000       0   0.000  0.000 
22:39:09    933   0.000       0   0.000  0.000 
22:39:10    933   0.000       0   0.000  0.000 
22:39:11    933   0.000       0   0.000  0.000 
22:39:12    932   0.000       0   0.000  0.000 
22:39:13    933   0.000       0   0.000  0.000 
22:39:14    933   0.000       0   0.000  0.000 
22:39:15    932   0.000       0   0.000  0.000 
22:39:16    933   0.000       0   0.000  0.000 
22:39:17    932   0.000       0   0.000  0.000 
22:39:18    933   0.000       0   0.000  0.000 
22:39:19    932   0.000       0   0.000  0.000 
22:39:20    933   0.000       0   0.000  0.000 
22:39:21    933   0.000       0   0.000  0.000 
22:39:22    933   0.000       0   0.000  0.000 
22:39:23    932   0.000       0   0.000  0.000 
22:39:24    933   0.000       0   0.000  0.000 
22:39:25    932   0.000       0   0.000  0.000 
22:39:26    933   0.000       0   0.000  0.000 
22:39:27    932   0.000       0   0.000  0.000 
22:39:28    933   0.000       0   0.000  0.000 
22:39:29    932   0.000       0   0.000  0.000 
22:39:30    933   0.000       0   0.000  0.000 
22:39:31    932   0.000       0   0.000  0.000 
22:39:32    933   0.000       0   0.000  0.000 
22:39:33    932   0.000       0   0.000  0.000 
22:39:34    933   0.000       0   0.000  0.000 
22:39:35    942   0.038       0   0.000  0.038 writev
22:39:36    932   0.000       0   0.000  0.000 
22:39:37    933   0.000       0   0.000  0.000 
22:39:38    932   0.000       0   0.000  0.000 
22:39:39    933   0.000       0   0.000  0.000 
22:39:40    933   0.000       0   0.000  0.000 
22:39:41    932   0.000       0   0.000  0.000 
22:39:42    933   0.000       0   0.000  0.000 
22:39:43    932   0.000       0   0.000  0.000 
22:39:44    932   0.000       0   0.000  0.000 
22:39:45    933   0.000       0   0.000  0.000 
22:39:46    932   0.000       0   0.000  0.000 
22:39:47    932   0.000       0   0.000  0.000 
22:39:48    932   0.000       0   0.000  0.000 
22:39:49    933   0.000       0   0.000  0.000 
22:39:50    932   0.000       0   0.000  0.000 
22:39:51    933   0.000       0   0.000  0.000 
22:39:52    932   0.000       0   0.000  0.000 
22:39:53    961   0.040       0   0.000  0.035 writev
22:39:54    948   0.050       0   0.000  0.050 writev
22:39:55    942   0.031       0   0.000  0.031 writev
22:39:56    932   0.000       0   0.000  0.000 
22:39:57    933   0.000       0   0.000  0.000 
22:39:58    932   0.000       0   0.000  0.000 
22:39:59    932   0.000       0   0.000  0.000 
22:40:00    932   0.000       0   0.000  0.000 
22:40:01    933   0.000       0   0.000  0.000 
22:40:02    947   0.036       0   0.000  0.036 writev
22:40:03    932   0.000       0   0.000  0.000 
22:40:04    943   0.039       0   0.000  0.039 writev
22:40:05    932   0.000       0   0.000  0.000 
22:40:06    932   0.000       0   0.000  0.000 
22:40:07    932   0.000       0   0.000  0.000 
22:40:08    933   0.000       0   0.000  0.000 
22:40:09    932   0.000       0   0.000  0.000 
22:40:10    932   0.000       0   0.000  0.000 
22:40:11    936   0.000       0   0.000  0.000 
22:40:12    944   0.035       0   0.000  0.035 writev
22:40:13    934   0.000       0   0.000  0.000 
22:40:14    939   0.042       0   0.000  0.042 writev
22:40:15    932   0.000       0   0.000  0.000 
22:40:16    933   0.000       0   0.000  0.000 
22:40:17    932   0.000       0   0.000  0.000 
22:40:18    932   0.000       0   0.000  0.000 
22:40:19    932   0.000       0   0.000  0.000 
22:40:20    932   0.000       0   0.000  0.000 
22:40:21    933   0.000       0   0.000  0.000 
22:40:22    935   0.000       0   0.000  0.000 
22:40:23    944   0.038       0   0.000  0.038 writev
22:40:24    935   0.000       0   0.000  0.000 
22:40:25    940   0.043       0   0.000  0.043 writev
22:40:26    932   0.000       0   0.000  0.000 
22:40:27    933   0.000       0   0.000  0.000 
22:40:28    932   0.000       0   0.000  0.000 
22:40:29    947   0.042       0   0.000  0.042 writev
22:40:30    932   0.000       0   0.000  0.000 
22:40:31    935   0.000       0   0.000  0.000 
22:40:32    939   0.046       0   0.000  0.046 writev
22:40:33    933   0.000       0   0.000  0.000 
22:40:34    932   0.000       0   0.000  0.000 
22:40:35    931   0.000       0   0.000  0.000 
22:40:36    933   0.000       0   0.000  0.000 
22:40:37    932   0.000       0   0.000  0.000 
22:40:38    932   0.000       0   0.000  0.000 
22:40:39    932   0.000       0   0.000  0.000 
22:40:40    932   0.000       0   0.000  0.000 
22:40:41    932   0.000       0   0.000  0.000 
22:40:42    932   0.000       0   0.000  0.000 
22:40:43    933   0.000       0   0.000  0.000 
22:40:44    932   0.000       0   0.000  0.000 
22:40:45    932   0.000       0   0.000  0.000 
22:40:46    933   0.000       0   0.000  0.000 
22:40:47    932   0.000       0   0.000  0.000 
22:40:48    932   0.000       0   0.000  0.000 
22:40:49    933   0.000       0   0.000  0.000 
22:40:50    932   0.000       0   0.000  0.000 
22:40:51    933   0.000       0   0.000  0.000 
22:40:52    932   0.000       0   0.000  0.000 
22:40:53    932   0.000       0   0.000  0.000 
22:40:54    932   0.000       0   0.000  0.000 
22:40:55    933   0.000       0   0.000  0.000 
22:40:56    932   0.000       0   0.000  0.000 
22:40:57    932   0.000       0   0.000  0.000 
22:40:58    933   0.000       0   0.000  0.000 
22:40:59    932   0.000       0   0.000  0.000 
22:41:00    933   0.000       0   0.000  0.000 
22:41:01    932   0.000       0   0.000  0.000 
22:41:02   1046   0.013       0   0.000  0.001 ioctl
22:41:03    989   0.029       0   0.000  0.028 writev
22:41:04    932   0.000       0   0.000  0.000 
22:41:05    932   0.000       0   0.000  0.000 
22:41:06    933   0.000       0   0.000  0.000 
22:41:07    932   0.000       0   0.000  0.000 
22:41:08    936   0.000       0   0.000  0.000 
22:41:09    944   0.033       0   0.000  0.033 writev
22:41:10    933   0.000       0   0.000  0.000 
22:41:11    932   0.000       0   0.000  0.000 
22:41:12    933   0.000       0   0.000  0.000 
22:41:13    932   0.000       0   0.000  0.000 
22:41:14    933   0.000       0   0.000  0.000 
22:41:15    932   0.000       0   0.000  0.000 
22:41:16    932   0.000       0   0.000  0.000 
22:41:17    933   0.000       0   0.000  0.000 
22:41:18    932   0.000       0   0.000  0.000 
22:41:19    932   0.000       0   0.000  0.000 
22:41:20    933   0.000       0   0.000  0.000 
22:41:21    932   0.000       0   0.000  0.000 
22:41:22    584   0.000       0   0.000  0.000 
