22:35:40    468   0.009       0   0.000  0.001 ioctl
22:35:41    934   0.000       0   0.000  0.000 
22:35:42    949   0.000       0   0.000  0.000 writev
22:35:43    934   0.000       0   0.000  0.000 
22:35:44    935   0.000       0   0.000  0.000 
22:35:45    934   0.000       0   0.000  0.000 
22:35:46    934   0.000       0   0.000  0.000 
22:35:47    935   0.000       0   0.000  0.000 
22:35:48    934   0.000       0   0.000  0.000 
22:35:49    935   0.000       0   0.000  0.000 
22:35:50    934   0.000       0   0.000  0.000 
22:35:51    935   0.000       0   0.000  0.000 
22:35:52    934   0.000       0   0.000  0.000 
22:35:53    935   0.000       0   0.000  0.000 
22:35:54    934   0.000       0   0.000  0.000 
22:35:55    935   0.000       0   0.000  0.000 
22:35:56    934   0.000       0   0.000  0.000 
22:35:57    934   0.000       0   0.000  0.000 
22:35:58    935   0.000       0   0.000  0.000 
22:35:59   9506   0.058       0   0.000  0.001 ioctl
22:36:00  18190   0.120       0   0.000  0.001 ioctl
22:36:01  24169   0.148       0   0.000  0.000 mprotect
22:36:02  12883   0.059       0   0.000  0.000 mprotect
22:36:03   9147   0.039       0   0.000  0.001 ioctl
22:36:04   8652   0.028       0   0.000  0.001 ioctl
22:36:05   8572   0.022       0   0.000  0.000 fstat
22:36:06   9359   0.030       0   0.000  0.001 ioctl
22:36:07   8406   0.019       0   0.000  0.000 write
22:36:08   9287   0.031       0   0.000  0.001 ioctl
22:36:09   8115   0.018       0   0.000  0.000 mprotect
22:36:10   7821   0.024       0   0.000  0.000 getsockopt
22:36:11   9313   0.028       0   0.000  0.001 ioctl
22:36:12   9883   0.024       0   0.000  0.000 write
22:36:13   9732   0.021       0   0.000  0.001 ioctl
22:36:14  10010   0.032       0   0.000  0.001 ioctl
22:36:15   8143   0.020       0   0.000  0.000 write
22:36:16  10888   0.042       0   0.000  0.001 ioctl
22:36:17   7195   0.019       0   0.000  0.000 write
22:36:18   8094   0.021       0   0.000  0.000 write
22:36:19   7733   0.020       0   0.000  0.000 write
22:36:20   9943   0.032       0   0.000  0.001 ioctl
22:36:21   8012   0.021       0   0.000  0.000 write
22:36:22   8087   0.022       0   0.000  0.000 write
22:36:23   9779   0.030       0   0.000  0.000 write
22:36:24   9358   0.024       0   0.000  0.000 write
22:36:25   9410   0.019       0   0.000  0.000 write
22:36:26  10073   0.032       0   0.000  0.001 ioctl
22:36:27   6822   0.018       0   0.000  0.000 write
22:36:28   9114   0.020       0   0.000  0.000 write
22:36:29   8343   0.024       0   0.000  0.000 write
22:36:30  13358   0.676       0   0.000  0.008 socket
22:36:31   7274   0.021       0   0.000  0.000 write
22:36:32   7215   0.019       0   0.000  0.000 write
22:36:33   7819   0.039       0   0.000  0.000 getsockopt
22:36:34   6491   0.020       0   0.000  0.000 write
22:36:35   6662   0.020       0   0.000  0.000 write
22:36:36   6648   0.020       0   0.000  0.000 write
22:36:37   7888   0.035       0   0.000  0.000 fstat
22:36:38   6511   0.019       0   0.000  0.000 write
22:36:39   6434   0.018       0   0.000  0.000 write
22:36:40   6552   0.018       0   0.000  0.000 fstat
22:36:41   7541   0.034       0   0.000  0.000 fstat
22:36:42   6527   0.018       0   0.000  0.000 write
22:36:43   6561   0.019       0   0.000  0.000 write
22:36:44   6605   0.018       0   0.000  0.000 write
22:36:45   8148   0.036       0   0.000  0.000 fstat
22:36:46   7116   0.024       0   0.000  0.000 write
22:36:47   7211   0.022       0   0.000  0.000 write
22:36:48   6697   0.019       0   0.000  0.000 write
22:36:49   8019   0.033       0   0.000  0.000 getsockopt
22:36:50   6703   0.019       0   0.000  0.000 write
22:36:51   6726   0.019       0   0.000  0.000 write
22:36:52   8469   0.039       0   0.000  0.000 fstat
22:36:53   6651   0.019       0   0.000  0.000 write
22:36:54   6617   0.018       0   0.000  0.000 fstat
22:36:55   6479   0.017       0   0.000  0.000 mprotect
22:36:56   9900   0.055       0   0.000  0.000 getsockopt
22:36:57   7049   0.025       0   0.000  0.000 getsockopt
22:36:58   7262   0.022       0   0.000  0.000 write
22:36:59   7304   0.020       0   0.000  0.000 write
22:37:00   7282   0.020       0   0.000  0.000 fstat
22:37:01   7390   0.019       0   0.000  0.000 write
22:37:02   7133   0.018       0   0.000  0.000 write
22:37:03   8197   0.036       0   0.000  0.000 write
22:37:04   6354   0.018       0   0.000  0.000 fstat
22:37:05   6580   0.019       0   0.000  0.000 getsockopt
22:37:06   6439   0.018       0   0.000  0.000 write
22:37:07   8218   0.036       0   0.000  0.000 write
22:37:08   6574   0.018       0   0.000  0.000 write
22:37:09   6658   0.018       0   0.000  0.000 write
22:37:10   6434   0.017       0   0.000  0.000 getsockopt
22:37:11   9067   0.036       0   0.000  0.000 fstat
22:37:12   7941   0.022       0   0.000  0.000 write
22:37:13   7681   0.022       0   0.000  0.000 fstat
22:37:14   8149   0.023       0   0.000  0.000 write
22:37:15   7566   0.021       0   0.000  0.000 write
22:37:16   7199   0.019       0   0.000  0.000 write
22:37:17   6509   0.017       0   0.000  0.000 write
22:37:18   9383   0.051       0   0.000  0.000 write
22:37:19   6514   0.018       0   0.000  0.000 write
22:37:20   6119   0.016       0   0.000  0.000 write
22:37:21   6395   0.019       0   0.000  0.000 write
22:37:22   6493   0.021       0   0.000  0.000 write
22:37:23   6490   0.018       0   0.000  0.000 write
22:37:24   6395   0.017       0   0.000  0.000 fstat
22:37:25   8966   0.036       0   0.000  0.000 fstat
22:37:26   7625   0.021       0   0.000  0.000 write
22:37:27   7591   0.024       0   0.000  0.000 write
22:37:28   9478   0.044       0   0.000  0.000 fstat
22:37:29   7649   0.021       0   0.000  0.000 write
22:37:30   7678   0.022       0   0.000  0.000 write
22:37:31   7014   0.020       0   0.000  0.000 write
22:37:32   8435   0.040       0   0.000  0.000 fstat
22:37:33   7023   0.022       0   0.000  0.000 write
22:37:34   7043   0.024       0   0.000  0.000 write
22:37:35   7326   0.024       0   0.000  0.000 write
22:37:36   7007   0.022       0   0.000  0.000 write
22:37:37   7585   0.024       0   0.000  0.000 write
22:37:38   9019   0.044       0   0.000  0.000 fstat
22:37:39   7729   0.024       0   0.000  0.000 write
22:37:40   7849   0.024       0   0.000  0.000 write
22:37:41   7915   0.026       0   0.000  0.000 fstat
22:37:42   7638   0.024       0   0.000  0.000 write
22:37:43   7738   0.022       0   0.000  0.000 write
22:37:44   7172   0.024       0   0.000  0.004 write
22:37:45   8582   0.039       0   0.000  0.000 fstat
22:37:46   6767   0.021       0   0.000  0.000 write
22:37:47   6929   0.021       0   0.000  0.000 write
22:37:48   7564   0.022       0   0.000  0.000 write
22:37:49   6991   0.019       0   0.000  0.000 madvise
22:37:50   7599   0.020       0   0.000  0.000 fstat
22:37:51   7642   0.021       0   0.000  0.000 getsockopt
22:37:52   9391   0.042       0   0.000  0.000 fstat
22:37:53   8020   0.024       0   0.000  0.000 mprotect
22:37:54   7932   0.026       0   0.000  0.000 write
22:37:55   8052   0.025       0   0.000  0.000 write
22:37:56   6910   0.021       0   0.000  0.000 write
22:37:57   6543   0.019       0   0.000  0.000 write
22:37:58   8256   0.037       0   0.000  0.000 write
22:37:59   6867   0.018       0   0.000  0.000 write
22:38:00   7028   0.020       0   0.000  0.000 write
22:38:01   4478   0.012       0   0.000  0.000 fstat
22:38:02   3834   0.009       0   0.000  0.000 write
22:38:03   4724   0.011       0   0.000  0.000 write
22:38:04   5722   0.023       0   0.000  0.000 fstat
22:38:05   5751   0.024       0   0.000  0.000 fstat
22:38:06   4072   0.010       0   0.000  0.000 fstat
22:38:07   4146   0.010       0   0.000  0.000 fstat
22:38:08   5318   0.025       0   0.000  0.000 fstat
22:38:09   3257   0.008       0   0.000  0.000 fstat
22:38:10   5087   0.026       0   0.000  0.000 fstat
22:38:11  21064   0.150       0   0.000  0.000 fstat
22:38:12  18662   0.135       0   0.000  0.000 fstat
22:38:13  18643   0.132       0   0.000  0.000 getsockopt
22:38:14  18291   0.130       0   0.000  0.000 fstat
22:38:15  17800   0.135       0   0.000  0.000 getsockopt
22:38:16  15050   0.109       0   0.000  0.000 getsockopt
22:38:17  14188   0.099       0   0.000  0.000 getsockopt
22:38:18  15152   0.105       0   0.000  0.000 fstat
22:38:19  14263   0.099       0   0.000  0.000 getsockopt
22:38:20  15144   0.113       0   0.000  0.000 fstat
22:38:21  14463   0.100       0   0.000  0.000 fstat
22:38:22  14996   0.120       0   0.000  0.000 fstat
22:38:23  14278   0.101       0   0.000  0.000 fstat
22:38:24  15232   0.112       0   0.000  0.000 fstat
22:38:25  14108   0.110       0   0.000  0.000 getsockopt
22:38:26  13888   0.100       0   0.000  0.000 fstat
22:38:27  15210   0.116       0   0.000  0.000 fstat
22:38:28  14215   0.105       0   0.000  0.000 getsockopt
22:38:29  13875   0.108       0   0.000  0.000 getsockopt
22:38:30  15027   0.115       0   0.000  0.000 getsockopt
22:38:31  15096   0.111       0   0.000  0.000 fstat
22:38:32  14310   0.102       0   0.000  0.000 getsockopt
22:38:33  14217   0.111       0   0.000  0.001 getsockopt
22:38:34  15056   0.113       0   0.000  0.001 getsockopt
22:38:35  14221   0.104       0   0.000  0.000 getsockopt
22:38:36  14011   0.106       0   0.000  0.000 getsockopt
22:38:37  15435   0.111       0   0.000  0.000 getsockopt
22:38:38  13883   0.108       0   0.000  0.000 fstat
22:38:39  17152   0.130       0   0.000  0.000 fstat
22:38:40  16062   0.114       0   0.000  0.000 getsockopt
22:38:41  16235   0.125       0   0.000  0.000 fstat
22:38:42  15797   0.113       0   0.000  0.000 getsockopt
22:38:43  18392   0.130       0   0.000  0.000 fstat
22:38:44  17644   0.127       0   0.000  0.000 getsockopt
22:38:45  18381   0.135       0   0.000  0.000 fstat
22:38:46  18800   0.136       0   0.000  0.000 fstat
22:38:47  18880   0.133       0   0.000  0.000 getsockopt
22:38:48  18598   0.144       0   0.000  0.002 write
22:38:49  18415   0.133       0   0.000  0.000 getsockopt
22:38:50  17890   0.121       0   0.000  0.000 fstat
22:38:51  18659   0.141       0   0.000  0.000 fstat
22:38:52  18498   0.137       0   0.000  0.000 fstat
22:38:53  17965   0.130       0   0.000  0.000 fstat
22:38:54  18415   0.131       0   0.000  0.000 fstat
22:38:55  18028   0.124       0   0.000  0.000 getsockopt
22:38:56  17846   0.126       0   0.000  0.000 getsockopt
22:38:57  18406   0.127       0   0.000  0.000 getsockopt
22:38:58  19494   0.138       0   0.000  0.000 fstat
22:38:59  20571   0.146       0   0.000  0.000 getsockopt
22:39:00  22909   0.173       0   0.000  0.000 getsockopt
22:39:01  13004   0.129       0   0.000  0.042 writev
22:39:02    942   0.038       0   0.000  0.038 writev
22:39:03    951   0.078       0   0.000  0.052 writev
22:39:04    926   0.000       0   0.000  0.000 
22:39:05    925   0.000       0   0.000  0.000 
22:39:06    927   0.000       0   0.000  0.000 
22:39:07    926   0.000       0   0.000  0.000 
22:39:08    926   0.000       0   0.000  0.000 
22:39:09    926   0.000       0   0.000  0.000 
22:39:10    926   0.000       0   0.000  0.000 
22:39:11    926   0.000       0   0.000  0.000 
22:39:12    932   0.000       0   0.000  0.000 
22:39:13    932   0.000       0   0.000  0.000 
22:39:14    933   0.000       0   0.000  0.000 
22:39:15    932   0.000       0   0.000  0.000 
22:39:16    933   0.000       0   0.000  0.000 
22:39:17    932   0.000       0   0.000  0.000 
22:39:18    933   0.000       0   0.000  0.000 
22:39:19    932   0.000       0   0.000  0.000 
22:39:20    932   0.000       0   0.000  0.000 
22:39:21    932   0.000       0   0.000  0.000 
22:39:22    931   0.000       0   0.000  0.000 
22:39:23    932   0.000       0   0.000  0.000 
22:39:24    933   0.000       0   0.000  0.000 
22:39:25    931   0.000       0   0.000  0.000 
22:39:26    931   0.000       0   0.000  0.000 
22:39:27    932   0.000       0   0.000  0.000 
22:39:28    932   0.000       0   0.000  0.000 
22:39:29    933   0.000       0   0.000  0.000 
22:39:30    932   0.000       0   0.000  0.000 
22:39:31    931   0.000       0   0.000  0.000 
22:39:32    933   0.000       0   0.000  0.000 
22:39:33    932   0.000       0   0.000  0.000 
22:39:34   1054   0.017       0   0.000  0.002 munmap
22:39:35    942   0.041       0   0.000  0.041 writev
22:39:36    932   0.000       0   0.000  0.000 
22:39:37    932   0.000       0   0.000  0.000 
22:39:38    932   0.000       0   0.000  0.000 
22:39:39    932   0.000       0   0.000  0.000 
22:39:40    932   0.000       0   0.000  0.000 
22:39:41    932   0.000       0   0.000  0.000 
22:39:42    932   0.000       0   0.000  0.000 
22:39:43    932   0.000       0   0.000  0.000 
22:39:44    932   0.000       0   0.000  0.000 
22:39:45    932   0.000       0   0.000  0.000 
22:39:46    932   0.000       0   0.000  0.000 
22:39:47    932   0.000       0   0.000  0.000 
22:39:48    932   0.000       0   0.000  0.000 
22:39:49    932   0.000       0   0.000  0.000 
22:39:50    932   0.000       0   0.000  0.000 
22:39:51    932   0.000       0   0.000  0.000 
22:39:52    932   0.000       0   0.000  0.000 
22:39:53    958   0.039       0   0.000  0.033 writev
22:39:54    995   0.031       0   0.000  0.029 writev
22:39:55    942   0.039       0   0.000  0.039 writev
22:39:56    932   0.000       0   0.000  0.000 
22:39:57    932   0.000       0   0.000  0.000 
22:39:58    932   0.000       0   0.000  0.000 
22:39:59    932   0.000       0   0.000  0.000 
22:40:00    933   0.000       0   0.000  0.000 
22:40:01    932   0.000       0   0.000  0.000 
22:40:02    947   0.034       0   0.000  0.034 writev
22:40:03    932   0.000       0   0.000  0.000 
22:40:04    942   0.036       0   0.000  0.036 writev
22:40:05    932   0.000       0   0.000  0.000 
22:40:06    932   0.000       0   0.000  0.000 
22:40:07    932   0.000       0   0.000  0.000 
22:40:08    932   0.000       0   0.000  0.000 
22:40:09    932   0.000       0   0.000  0.000 
22:40:10    933   0.000       0   0.000  0.000 
22:40:11    935   0.000       0   0.000  0.000 
22:40:12    944   0.029       0   0.000  0.029 writev
22:40:13    935   0.000       0   0.000  0.000 
22:40:14    939   0.036       0   0.000  0.036 writev
22:40:15    932   0.000       0   0.000  0.000 
22:40:16    932   0.000       0   0.000  0.000 
22:40:17    932   0.000       0   0.000  0.000 
22:40:18    932   0.000       0   0.000  0.000 
22:40:19    932   0.000       0   0.000  0.000 
22:40:20    932   0.000       0   0.000  0.000 
22:40:21    932   0.000       0   0.000  0.000 
22:40:22    935   0.000       0   0.000  0.000 
22:40:23    945   0.029       0   0.000  0.029 writev
22:40:24    935   0.000       0   0.000  0.000 
22:40:25    939   0.030       0   0.000  0.030 writev
22:40:26    932   0.000       0   0.000  0.000 
22:40:27    932   0.000       0   0.000  0.000 
22:40:28    936   0.000       0   0.000  0.000 
22:40:29    944   0.034       0   0.000  0.034 writev
22:40:30    932   0.000       0   0.000  0.000 
22:40:31    936   0.000       0   0.000  0.000 
22:40:32    939   0.032       0   0.000  0.032 writev
22:40:33    933   0.000       0   0.000  0.000 
22:40:34    932   0.000       0   0.000  0.000 
22:40:35    933   0.000       0   0.000  0.000 
22:40:36    933   0.000       0   0.000  0.000 
22:40:37    932   0.000       0   0.000  0.000 
22:40:38    933   0.000       0   0.000  0.000 
22:40:39    932   0.000       0   0.000  0.000 
22:40:40    933   0.000       0   0.000  0.000 
22:40:41    932   0.000       0   0.000  0.000 
22:40:42    933   0.000       0   0.000  0.000 
22:40:43    932   0.000       0   0.000  0.000 
22:40:44    933   0.000       0   0.000  0.000 
22:40:45    932   0.000       0   0.000  0.000 
22:40:46    932   0.000       0   0.000  0.000 
22:40:47    932   0.000       0   0.000  0.000 
22:40:48    932   0.000       0   0.000  0.000 
22:40:49    932   0.000       0   0.000  0.000 
22:40:50    933   0.000       0   0.000  0.000 
22:40:51    932   0.000       0   0.000  0.000 
22:40:52    932   0.000       0   0.000  0.000 
22:40:53    932   0.000       0   0.000  0.000 
22:40:54    932   0.000       0   0.000  0.000 
22:40:55    933   0.000       0   0.000  0.000 
22:40:56    932   0.000       0   0.000  0.000 
22:40:57    932   0.000       0   0.000  0.000 
22:40:58    932   0.000       0   0.000  0.000 
22:40:59    932   0.000       0   0.000  0.000 
22:41:00    933   0.000       0   0.000  0.000 
22:41:01    932   0.000       0   0.000  0.000 
22:41:02   1046   0.013       0   0.000  0.001 ioctl
22:41:03    987   0.027       0   0.000  0.026 writev
22:41:04    933   0.000       0   0.000  0.000 
22:41:05    933   0.000       0   0.000  0.000 
22:41:06    932   0.000       0   0.000  0.000 
22:41:07    933   0.000       0   0.000  0.000 
22:41:08    935   0.000       0   0.000  0.000 
22:41:09    945   0.030       0   0.000  0.030 writev
22:41:10    932   0.000       0   0.000  0.000 
22:41:11    933   0.000       0   0.000  0.000 
22:41:12    932   0.000       0   0.000  0.000 
22:41:13    932   0.000       0   0.000  0.000 
22:41:14    938   0.004       0   0.000  0.002 munmap
22:41:15    932   0.000       0   0.000  0.000 
22:41:16    932   0.000       0   0.000  0.000 
22:41:17    932   0.000       0   0.000  0.000 
22:41:18    932   0.000       0   0.000  0.000 
22:41:19    933   0.000       0   0.000  0.000 
22:41:20    932   0.000       0   0.000  0.000 
22:41:21    932   0.000       0   0.000  0.000 
22:41:22    515   0.000       0   0.000  0.000 
