22:35:40    463   0.009       0   0.000  0.001 ioctl
22:35:41    935   0.000       0   0.000  0.000 
22:35:42    949   0.000       0   0.000  0.000 writev
22:35:43    934   0.000       0   0.000  0.000 
22:35:44    935   0.000       0   0.000  0.000 
22:35:45    936   0.000       0   0.000  0.000 
22:35:46    935   0.000       0   0.000  0.000 
22:35:47    935   0.000       0   0.000  0.000 
22:35:48    932   0.000       0   0.000  0.000 
22:35:49    935   0.000       0   0.000  0.000 
22:35:50    935   0.000       0   0.000  0.000 
22:35:51    935   0.000       0   0.000  0.000 
22:35:52    934   0.000       0   0.000  0.000 
22:35:53    935   0.000       0   0.000  0.000 
22:35:54    935   0.000       0   0.000  0.000 
22:35:55    935   0.000       0   0.000  0.000 
22:35:56    935   0.000       0   0.000  0.000 
22:35:57    935   0.000       0   0.000  0.000 
22:35:58    935   0.000       0   0.000  0.000 
22:35:59   9318   0.061       0   0.000  0.001 ioctl
22:36:00  16794   0.126       0   0.000  0.001 ioctl
22:36:01  23341   0.157       0   0.000  0.000 mprotect
22:36:02  14783   0.076       0   0.000  0.000 write
22:36:03   8317   0.024       0   0.000  0.001 ioctl
22:36:04   8387   0.017       0   0.000  0.000 write
22:36:05   8790   0.030       0   0.000  0.001 ioctl
22:36:06   9072   0.024       0   0.000  0.001 ioctl
22:36:07   8171   0.023       0   0.000  0.000 write
22:36:08   8403   0.026       0   0.000  0.001 ioctl
22:36:09   8000   0.021       0   0.000  0.000 fstat
22:36:10   7814   0.021       0   0.000  0.000 mmap
22:36:11   9193   0.026       0   0.000  0.000 fstat
22:36:12   9652   0.027       0   0.000  0.000 write
22:36:13  11073   0.042       0   0.000  0.001 ioctl
22:36:14   9336   0.028       0   0.000  0.000 write
22:36:15   8026   0.020       0   0.000  0.000 getsockopt
22:36:16   7575   0.019       0   0.000  0.000 write
22:36:17  10636   0.036       0   0.000  0.001 ioctl
22:36:18   8105   0.022       0   0.000  0.000 write
22:36:19   7703   0.022       0   0.000  0.000 write
22:36:20  10190   0.037       0   0.000  0.001 ioctl
22:36:21   7978   0.023       0   0.000  0.000 write
22:36:22   8124   0.023       0   0.000  0.000 write
22:36:23   9758   0.030       0   0.000  0.000 write
22:36:24   9207   0.026       0   0.000  0.000 write
22:36:25   9189   0.025       0   0.000  0.000 write
22:36:26  10500   0.037       0   0.000  0.001 ioctl
22:36:27   6987   0.020       0   0.000  0.000 getsockopt
22:36:28  12022   0.040       0   0.000  0.001 ioctl
22:36:29   8162   0.023       0   0.000  0.000 fstat
22:36:30   6686   0.019       0   0.000  0.000 fstat
22:36:31   7205   0.020       0   0.000  0.000 fstat
22:36:32   7299   0.019       0   0.000  0.000 write
22:36:33  10472   0.645       0   0.000  0.016 socket
22:36:34   7061   0.020       0   0.000  0.000 write
22:36:35   6687   0.018       0   0.000  0.000 write
22:36:36   6620   0.019       0   0.000  0.000 write
22:36:37   6157   0.017       0   0.000  0.000 write
22:36:38   6458   0.019       0   0.000  0.000 getsockopt
22:36:39   6533   0.018       0   0.000  0.000 write
22:36:40   6529   0.018       0   0.000  0.000 getsockopt
22:36:41   7863   0.060       0   0.000  0.001 ioctl
22:36:42   6448   0.019       0   0.000  0.000 write
22:36:43   6575   0.019       0   0.000  0.000 write
22:36:44   6616   0.019       0   0.000  0.000 write
22:36:45   8178   0.037       0   0.000  0.000 fstat
22:36:46   7035   0.021       0   0.000  0.000 write
22:36:47   7384   0.021       0   0.000  0.000 getsockopt
22:36:48   6683   0.018       0   0.000  0.000 write
22:36:49   8208   0.036       0   0.000  0.000 fstat
22:36:50   6708   0.020       0   0.000  0.000 write
22:36:51   6754   0.020       0   0.000  0.000 write
22:36:52   6335   0.017       0   0.000  0.000 write
22:36:53   7255   0.021       0   0.000  0.000 write
22:36:54   6714   0.019       0   0.000  0.000 mprotect
22:36:55   6638   0.019       0   0.000  0.000 fstat
22:36:56   6416   0.018       0   0.000  0.000 write
22:36:57   9123   0.043       0   0.000  0.000 fstat
22:36:58   7174   0.021       0   0.000  0.000 fstat
22:36:59   7260   0.021       0   0.000  0.000 write
22:37:00   8887   0.039       0   0.000  0.000 getsockopt
22:37:01   7418   0.023       0   0.000  0.000 write
22:37:02   7124   0.021       0   0.000  0.000 write
22:37:03   5954   0.016       0   0.000  0.000 fstat
22:37:04   8580   0.040       0   0.000  0.000 write
22:37:05   6499   0.019       0   0.000  0.000 getsockopt
22:37:06   6388   0.018       0   0.000  0.000 write
22:37:07   8135   0.037       0   0.000  0.000 write
22:37:08   6755   0.020       0   0.000  0.000 mmap
22:37:09   6606   0.019       0   0.000  0.000 write
22:37:10   6492   0.017       0   0.000  0.000 fstat
22:37:11   9047   0.041       0   0.000  0.000 fstat
22:37:12   8059   0.023       0   0.000  0.000 write
22:37:13   7601   0.022       0   0.000  0.000 write
22:37:14   8116   0.024       0   0.000  0.000 write
22:37:15   7509   0.022       0   0.000  0.000 write
22:37:16   7238   0.020       0   0.000  0.000 fstat
22:37:17   6270   0.018       0   0.000  0.000 write
22:37:18   7993   0.038       0   0.000  0.000 fstat
22:37:19   6457   0.019       0   0.000  0.000 write
22:37:20   6055   0.018       0   0.000  0.000 write
22:37:21   6215   0.018       0   0.000  0.000 write
22:37:22   8327   0.040       0   0.000  0.000 fstat
22:37:23   6448   0.020       0   0.000  0.000 write
22:37:24   6354   0.019       0   0.000  0.000 write
22:37:25   6920   0.020       0   0.000  0.000 getsockopt
22:37:26   9635   0.045       0   0.000  0.000 fstat
22:37:27   7500   0.022       0   0.000  0.000 write
22:37:28   7565   0.022       0   0.000  0.000 write
22:37:29   9735   0.053       0   0.000  0.004 getsockopt
22:37:30   7599   0.026       0   0.000  0.000 write
22:37:31   6992   0.019       0   0.000  0.000 write
22:37:32   8261   0.038       0   0.000  0.000 fstat
22:37:33   7086   0.023       0   0.000  0.000 write
22:37:34   6910   0.024       0   0.000  0.000 write
22:37:35   6801   0.024       0   0.000  0.000 write
22:37:36   7624   0.022       0   0.000  0.000 getsockopt
22:37:37   7640   0.020       0   0.000  0.000 write
22:37:38   7410   0.021       0   0.000  0.000 write
22:37:39   9406   0.040       0   0.000  0.000 fstat
22:37:40   7800   0.021       0   0.000  0.000 write
22:37:41   7887   0.026       0   0.000  0.004 write
22:37:42   7722   0.025       0   0.000  0.000 write
22:37:43   7639   0.028       0   0.000  0.000 write
22:37:44   7110   0.026       0   0.000  0.000 write
22:37:45   8688   0.046       0   0.000  0.000 fstat
22:37:46   6763   0.024       0   0.000  0.000 write
22:37:47   6919   0.025       0   0.000  0.000 write
22:37:48   6909   0.025       0   0.000  0.000 write
22:37:49   7498   0.026       0   0.000  0.000 write
22:37:50   7464   0.027       0   0.000  0.000 write
22:37:51   7521   0.027       0   0.000  0.000 write
22:37:52   9266   0.047       0   0.000  0.000 write
22:37:53   7962   0.025       0   0.000  0.000 write
22:37:54   7837   0.027       0   0.000  0.000 write
22:37:55   7994   0.029       0   0.000  0.000 write
22:37:56   6866   0.023       0   0.000  0.000 write
22:37:57   6599   0.024       0   0.000  0.000 write
22:37:58   6088   0.021       0   0.000  0.000 write
22:37:59   9078   0.043       0   0.000  0.000 fstat
22:38:00   6955   0.018       0   0.000  0.000 write
22:38:01   4541   0.012       0   0.000  0.000 write
22:38:02   3813   0.009       0   0.000  0.000 write
22:38:03   3950   0.009       0   0.000  0.000 getsockopt
22:38:04   4666   0.012       0   0.000  0.000 write
22:38:05   3979   0.011       0   0.000  0.000 getsockopt
22:38:06   4144   0.010       0   0.000  0.000 fstat
22:38:07   5636   0.025       0   0.000  0.000 getsockopt
22:38:08   3601   0.009       0   0.000  0.000 write
22:38:09   3313   0.008       0   0.000  0.000 fstat
22:38:10   2478   0.005       0   0.000  0.000 fstat
22:38:11   4285   0.017       0   0.000  0.000 getsockopt
22:38:12   4213   0.017       0   0.000  0.000 fstat
22:38:13   1835   0.004       0   0.000  0.000 write
22:38:14   1919   0.004       0   0.000  0.000 fstat
22:38:15   1823   0.003       0   0.000  0.000 write
22:38:16  13605   0.097       0   0.000  0.000 fstat
22:38:17  14379   0.106       0   0.000  0.000 fstat
22:38:18  15260   0.104       0   0.000  0.000 fstat
22:38:19  14319   0.099       0   0.000  0.000 fstat
22:38:20  14081   0.094       0   0.000  0.000 fstat
22:38:21  15250   0.115       0   0.000  0.000 getsockopt
22:38:22  14235   0.104       0   0.000  0.000 fstat
22:38:23  15008   0.111       0   0.000  0.000 fstat
22:38:24  14287   0.107       0   0.000  0.000 getsockopt
22:38:25  15019   0.114       0   0.000  0.000 getsockopt
22:38:26  14184   0.107       0   0.000  0.000 fstat
22:38:27  14231   0.100       0   0.000  0.000 getsockopt
22:38:28  13863   0.104       0   0.000  0.000 getsockopt
22:38:29  15298   0.119       0   0.000  0.000 fstat
22:38:30  15352   0.103       0   0.000  0.000 getsockopt
22:38:31  14379   0.101       0   0.000  0.000 fstat
22:38:32  14544   0.106       0   0.000  0.000 getsockopt
22:38:33  14841   0.109       0   0.000  0.000 getsockopt
22:38:34  14448   0.104       0   0.000  0.000 fstat
22:38:35  14887   0.107       0   0.000  0.000 getsockopt
22:38:36  14219   0.106       0   0.000  0.000 getsockopt
22:38:37  15274   0.118       0   0.000  0.000 getsockopt
22:38:38  14304   0.096       0   0.000  0.000 getsockopt
22:38:39  16910   0.127       0   0.000  0.000 getsockopt
22:38:40  15654   0.111       0   0.000  0.002 getsockopt
22:38:41  16318   0.121       0   0.000  0.000 write
22:38:42  16145   0.111       0   0.000  0.000 getsockopt
22:38:43  18644   0.139       0   0.000  0.000 getsockopt
22:38:44  17640   0.124       0   0.000  0.000 getsockopt
22:38:45  18423   0.146       0   0.000  0.000 fstat
22:38:46  18863   0.136       0   0.000  0.000 getsockopt
22:38:47  18896   0.141       0   0.000  0.000 fstat
22:38:48  17487   0.125       0   0.000  0.000 fstat
22:38:49  18666   0.139       0   0.000  0.000 fstat
22:38:50  18856   0.133       0   0.000  0.000 fstat
22:38:51  18723   0.142       0   0.000  0.000 getsockopt
22:38:52  18542   0.139       0   0.000  0.000 fstat
22:38:53  17756   0.128       0   0.000  0.002 fstat
22:38:54  18683   0.141       0   0.000  0.000 fstat
22:38:55  17269   0.121       0   0.000  0.000 fstat
22:38:56  18387   0.130       0   0.000  0.000 fstat
22:38:57  18288   0.134       0   0.000  0.000 fstat
22:38:58  19487   0.142       0   0.000  0.000 fstat
22:38:59  21496   0.154       0   0.000  0.000 fstat
22:39:00  22578   0.171       0   0.000  0.000 getsockopt
22:39:01  29958   0.228       0   0.000  0.000 getsockopt
22:39:02  46040   0.417       0   0.000  0.000 getsockopt
22:39:03  30278   0.306       0   0.000  0.031 writev
22:39:04    927   0.000       0   0.000  0.000 
22:39:05    941   0.027       0   0.000  0.026 writev
22:39:06    927   0.000       0   0.000  0.000 
22:39:07    927   0.000       0   0.000  0.000 
22:39:08    927   0.000       0   0.000  0.000 
22:39:09    927   0.000       0   0.000  0.000 
22:39:10    926   0.000       0   0.000  0.000 
22:39:11    927   0.000       0   0.000  0.000 
22:39:12    927   0.000       0   0.000  0.000 
22:39:13    927   0.000       0   0.000  0.000 
22:39:14    931   0.000       0   0.000  0.000 
22:39:15    932   0.000       0   0.000  0.000 
22:39:16    931   0.000       0   0.000  0.000 
22:39:17    932   0.000       0   0.000  0.000 
22:39:18    931   0.000       0   0.000  0.000 
22:39:19    932   0.000       0   0.000  0.000 
22:39:20    932   0.000       0   0.000  0.000 
22:39:21    931   0.000       0   0.000  0.000 
22:39:22    932   0.000       0   0.000  0.000 
22:39:23    932   0.000       0   0.000  0.000 
22:39:24    932   0.000       0   0.000  0.000 
22:39:25    932   0.000       0   0.000  0.000 
22:39:26    932   0.000       0   0.000  0.000 
22:39:27    932   0.000       0   0.000  0.000 
22:39:28    931   0.000       0   0.000  0.000 
22:39:29    932   0.000       0   0.000  0.000 
22:39:30    932   0.000       0   0.000  0.000 
22:39:31    931   0.000       0   0.000  0.000 
22:39:32    932   0.000       0   0.000  0.000 
22:39:33    933   0.000       0   0.000  0.000 
22:39:34    932   0.000       0   0.000  0.000 
22:39:35   1062   0.070       0   0.000  0.053 writev
22:39:36    932   0.000       0   0.000  0.000 
22:39:37    931   0.000       0   0.000  0.000 
22:39:38    932   0.000       0   0.000  0.000 
22:39:39    931   0.000       0   0.000  0.000 
22:39:40    932   0.000       0   0.000  0.000 
22:39:41    931   0.000       0   0.000  0.000 
22:39:42    932   0.000       0   0.000  0.000 
22:39:43    931   0.000       0   0.000  0.000 
22:39:44    931   0.000       0   0.000  0.000 
22:39:45    932   0.000       0   0.000  0.000 
22:39:46    932   0.000       0   0.000  0.000 
22:39:47    932   0.000       0   0.000  0.000 
22:39:48    932   0.000       0   0.000  0.000 
22:39:49    932   0.000       0   0.000  0.000 
22:39:50    932   0.000       0   0.000  0.000 
22:39:51    932   0.000       0   0.000  0.000 
22:39:52    932   0.000       0   0.000  0.000 
22:39:53    958   0.032       0   0.000  0.028 writev
22:39:54    995   0.033       0   0.000  0.031 writev
22:39:55    942   0.031       0   0.000  0.030 writev
22:39:56    931   0.000       0   0.000  0.000 
22:39:57    932   0.000       0   0.000  0.000 
22:39:58    932   0.000       0   0.000  0.000 
22:39:59    932   0.000       0   0.000  0.000 
22:40:00    932   0.000       0   0.000  0.000 
22:40:01    932   0.000       0   0.000  0.000 
22:40:02    947   0.030       0   0.000  0.030 writev
22:40:03    931   0.000       0   0.000  0.000 
22:40:04    942   0.029       0   0.000  0.029 writev
22:40:05    932   0.000       0   0.000  0.000 
22:40:06    931   0.000       0   0.000  0.000 
22:40:07    932   0.000       0   0.000  0.000 
22:40:08    932   0.000       0   0.000  0.000 
22:40:09    931   0.000       0   0.000  0.000 
22:40:10    931   0.000       0   0.000  0.000 
22:40:11    935   0.000       0   0.000  0.000 
22:40:12    944   0.040       0   0.000  0.040 writev
22:40:13    935   0.000       0   0.000  0.000 
22:40:14    938   0.034       0   0.000  0.034 writev
22:40:15    932   0.000       0   0.000  0.000 
22:40:16    932   0.000       0   0.000  0.000 
22:40:17    931   0.000       0   0.000  0.000 
22:40:18    932   0.000       0   0.000  0.000 
22:40:19    932   0.000       0   0.000  0.000 
22:40:20    932   0.000       0   0.000  0.000 
22:40:21    931   0.000       0   0.000  0.000 
22:40:22    935   0.000       0   0.000  0.000 
22:40:23    944   0.047       0   0.000  0.047 writev
22:40:24    934   0.000       0   0.000  0.000 
22:40:25    939   0.040       0   0.000  0.040 writev
22:40:26    932   0.000       0   0.000  0.000 
22:40:27    932   0.000       0   0.000  0.000 
22:40:28    931   0.000       0   0.000  0.000 
22:40:29    947   0.038       0   0.000  0.038 writev
22:40:30    932   0.000       0   0.000  0.000 
22:40:31    935   0.000       0   0.000  0.000 
22:40:32    940   0.029       0   0.000  0.029 writev
22:40:33    932   0.000       0   0.000  0.000 
22:40:34    932   0.000       0   0.000  0.000 
22:40:35    932   0.000       0   0.000  0.000 
22:40:36    932   0.000       0   0.000  0.000 
22:40:37    933   0.000       0   0.000  0.000 
22:40:38    932   0.000       0   0.000  0.000 
22:40:39    932   0.000       0   0.000  0.000 
22:40:40    933   0.000       0   0.000  0.000 
22:40:41    932   0.000       0   0.000  0.000 
22:40:42    932   0.000       0   0.000  0.000 
22:40:43    932   0.000       0   0.000  0.000 
22:40:44    932   0.000       0   0.000  0.000 
22:40:45    931   0.000       0   0.000  0.000 
22:40:46    932   0.000       0   0.000  0.000 
22:40:47    932   0.000       0   0.000  0.000 
22:40:48    931   0.000       0   0.000  0.000 
22:40:49    932   0.000       0   0.000  0.000 
22:40:50    931   0.000       0   0.000  0.000 
22:40:51    932   0.000       0   0.000  0.000 
22:40:52    933   0.000       0   0.000  0.000 
22:40:53    931   0.000       0   0.000  0.000 
22:40:54    932   0.000       0   0.000  0.000 
22:40:55    931   0.000       0   0.000  0.000 
22:40:56    932   0.000       0   0.000  0.000 
22:40:57    931   0.000       0   0.000  0.000 
22:40:58    931   0.000       0   0.000  0.000 
22:40:59    932   0.000       0   0.000  0.000 
22:41:00    932   0.000       0   0.000  0.000 
22:41:01    932   0.000       0   0.000  0.000 
22:41:02   1046   0.013       0   0.000  0.001 ioctl
22:41:03    990   0.027       0   0.000  0.025 writev
22:41:04    944   0.024       0   0.000  0.024 writev
22:41:05    932   0.000       0   0.000  0.000 
22:41:06    932   0.000       0   0.000  0.000 
22:41:07    932   0.000       0   0.000  0.000 
22:41:08    932   0.000       0   0.000  0.000 
22:41:09    942   0.027       0   0.000  0.027 writev
22:41:10    931   0.000       0   0.000  0.000 
22:41:11    937   0.004       0   0.000  0.002 munmap
22:41:12    931   0.000       0   0.000  0.000 
22:41:13    932   0.000       0   0.000  0.000 
22:41:14    931   0.000       0   0.000  0.000 
22:41:15    932   0.000       0   0.000  0.000 
22:41:16    933   0.000       0   0.000  0.000 
22:41:17    933   0.000       0   0.000  0.000 
22:41:18    934   0.000       0   0.000  0.000 
22:41:19    933   0.000       0   0.000  0.000 
22:41:20    933   0.000       0   0.000  0.000 
22:41:21    932   0.000       0   0.000  0.000 
22:41:22    520   0.000       0   0.000  0.000 
