tid  calls  work_s  (top work syscalls)
1818372  685987    1.472  write=1.47
1818573  344993    1.279  fstat=0.61 getsockopt=0.63
1818360   48007    0.518 
1818361     323    0.513 
1818572   87632    0.315 
1818358   25826    0.259 
1818625   21481    0.223 
1818643   21266    0.216 
1818651   21440    0.211 
1818644   21369    0.211 
1818621   21462    0.211 
1818645   21339    0.210 
1818641   21308    0.208 
1818648   21253    0.207 
1818649   21354    0.206 
1818635   21394    0.206 
1818628   21435    0.206 
1818627   21452    0.206 
1818650   21248    0.205 
1818647   21359    0.205 
1818638   21340    0.205 
1818626   21314    0.205 
1818646   21364    0.204 
1818639   21386    0.204 
1818629   21398    0.203 
1818642   21388    0.202 
1818640   21513    0.202 
1818637   21347    0.201 
1818624   21307    0.200 
1818632   21443    0.197 
