22:35:40    453   0.009       0   0.000  0.001 ioctl
22:35:41    934   0.000       0   0.000  0.000 
22:35:42    950   0.000       0   0.000  0.000 getsockopt
22:35:43    934   0.000       0   0.000  0.000 
22:35:44    935   0.000       0   0.000  0.000 
22:35:45    934   0.000       0   0.000  0.000 
22:35:46    934   0.000       0   0.000  0.000 
22:35:47    935   0.000       0   0.000  0.000 
22:35:48    934   0.000       0   0.000  0.000 
22:35:49    935   0.000       0   0.000  0.000 
22:35:50    934   0.000       0   0.000  0.000 
22:35:51    935   0.000       0   0.000  0.000 
22:35:52    934   0.000       0   0.000  0.000 
22:35:53    935   0.000       0   0.000  0.000 
22:35:54    935   0.000       0   0.000  0.000 
22:35:55    934   0.000       0   0.000  0.000 
22:35:56    935   0.000       0   0.000  0.000 
22:35:57    934   0.000       0   0.000  0.000 
22:35:58    935   0.000       0   0.000  0.000 
22:35:59   9343   0.058       0   0.000  0.001 ioctl
22:36:00  17557   0.116       0   0.000  0.001 ioctl
22:36:01  23685   0.147       0   0.000  0.000 mprotect
22:36:02  14237   0.068       0   0.000  0.000 mprotect
22:36:03   8359   0.024       0   0.000  0.001 ioctl
22:36:04   8273   0.020       0   0.000  0.000 fstat
22:36:05   8962   0.030       0   0.000  0.001 ioctl
22:36:06   7706   0.016       0   0.000  0.000 write
22:36:07   8225   0.020       0   0.000  0.000 write
22:36:08   9722   0.035       0   0.000  0.001 ioctl
22:36:09   7981   0.018       0   0.000  0.000 write
22:36:10   7856   0.018       0   0.000  0.000 mprotect
22:36:11   9357   0.027       0   0.000  0.001 ioctl
22:36:12   9758   0.025       0   0.000  0.000 write
22:36:13  10538   0.031       0   0.000  0.001 ioctl
22:36:14   8630   0.023       0   0.000  0.001 ioctl
22:36:15   8020   0.020       0   0.000  0.000 write
22:36:16   8070   0.019       0   0.000  0.000 write
22:36:17   8922   0.026       0   0.000  0.000 write
22:36:18   8099   0.020       0   0.000  0.000 write
22:36:19   8311   0.022       0   0.000  0.000 writev
22:36:20   9436   0.026       0   0.000  0.001 ioctl
22:36:21   8094   0.018       0   0.000  0.000 mprotect
22:36:22   8148   0.020       0   0.000  0.000 fstat
22:36:23  10175   0.035       0   0.000  0.001 ioctl
22:36:24   9247   0.025       0   0.000  0.000 write
22:36:25   9230   0.024       0   0.000  0.000 write
22:36:26  10577   0.031       0   0.000  0.000 write
22:36:27   6762   0.018       0   0.000  0.000 write
22:36:28   8869   0.025       0   0.000  0.000 write
22:36:29   8428   0.022       0   0.000  0.000 write
22:36:30  14016   0.829       0   0.000  0.013 socket
22:36:31   7293   0.018       0   0.000  0.000 write
22:36:32   7263   0.020       0   0.000  0.000 write
22:36:33   7752   0.045       0   0.000  0.001 ioctl
22:36:34   6507   0.019       0   0.000  0.000 write
22:36:35   6743   0.019       0   0.000  0.000 getsockopt
22:36:36   6634   0.019       0   0.000  0.000 write
22:36:37   7885   0.038       0   0.000  0.001 ioctl
22:36:38   6503   0.019       0   0.000  0.000 write
22:36:39   6486   0.019       0   0.000  0.000 write
22:36:40   6455   0.018       0   0.000  0.000 write
22:36:41   7707   0.033       0   0.000  0.000 fstat
22:36:42   6550   0.019       0   0.000  0.000 getsockopt
22:36:43   6626   0.019       0   0.000  0.000 write
22:36:44   6669   0.019       0   0.000  0.000 fstat
22:36:45   8138   0.037       0   0.000  0.000 getsockopt
22:36:46   7080   0.020       0   0.000  0.000 write
22:36:47   7180   0.021       0   0.000  0.000 write
22:36:48   7558   0.023       0   0.000  0.000 fstat
22:36:49   7322   0.030       0   0.000  0.000 fstat
22:36:50   6761   0.020       0   0.000  0.000 write
22:36:51   6742   0.020       0   0.000  0.000 write
22:36:52   6889   0.018       0   0.000  0.000 getsockopt
22:36:53   6753   0.018       0   0.000  0.000 mprotect
22:36:54   6869   0.019       0   0.000  0.000 mprotect
22:36:55   6534   0.017       0   0.000  0.000 fstat
22:36:56   8401   0.038       0   0.000  0.000 getsockopt
22:36:57   7201   0.021       0   0.000  0.000 write
22:36:58   7280   0.022       0   0.000  0.000 getsockopt
22:36:59   7289   0.021       0   0.000  0.000 write
22:37:00   8931   0.043       0   0.000  0.000 write
22:37:01   7351   0.026       0   0.000  0.000 write
22:37:02   7137   0.024       0   0.000  0.000 write
22:37:03   8149   0.041       0   0.000  0.000 getsockopt
22:37:04   6381   0.020       0   0.000  0.000 write
22:37:05   6636   0.021       0   0.000  0.000 write
22:37:06   6414   0.021       0   0.000  0.000 write
22:37:07   6531   0.021       0   0.000  0.000 write
22:37:08   6616   0.023       0   0.000  0.000 fstat
22:37:09   6621   0.023       0   0.000  0.000 write
22:37:10   6513   0.022       0   0.000  0.000 write
22:37:11   9049   0.046       0   0.000  0.000 getsockopt
22:37:12   7992   0.027       0   0.000  0.000 write
22:37:13   7592   0.026       0   0.000  0.000 write
22:37:14   9744   0.047       0   0.000  0.000 getsockopt
22:37:15   7495   0.026       0   0.000  0.000 write
22:37:16   7174   0.024       0   0.000  0.000 write
22:37:17   8252   0.042       0   0.000  0.000 fstat
22:37:18   5983   0.019       0   0.000  0.000 fstat
22:37:19   6464   0.021       0   0.000  0.000 write
22:37:20   6076   0.020       0   0.000  0.000 fstat
22:37:21   8301   0.041       0   0.000  0.000 fstat
22:37:22   6155   0.021       0   0.000  0.000 write
22:37:23   6577   0.022       0   0.000  0.000 fstat
22:37:24   6399   0.021       0   0.000  0.000 write
22:37:25   8955   0.044       0   0.000  0.000 fstat
22:37:26   7709   0.027       0   0.000  0.000 write
22:37:27   7615   0.026       0   0.000  0.000 write
22:37:28   7996   0.027       0   0.000  0.000 fstat
22:37:29   7458   0.025       0   0.000  0.000 write
22:37:30   7646   0.026       0   0.000  0.000 write
22:37:31   7003   0.024       0   0.000  0.000 write
22:37:32   8312   0.034       0   0.000  0.000 fstat
22:37:33   7068   0.022       0   0.000  0.000 fstat
22:37:34   6945   0.022       0   0.000  0.000 write
22:37:35   8989   0.043       0   0.000  0.000 fstat
22:37:36   6863   0.022       0   0.000  0.000 write
22:37:37   7605   0.023       0   0.000  0.000 write
22:37:38   7971   0.023       0   0.000  0.000 write
22:37:39   7257   0.020       0   0.000  0.000 write
22:37:40   7822   0.021       0   0.000  0.000 getsockopt
22:37:41   8092   0.022       0   0.000  0.000 write
22:37:42   9307   0.042       0   0.000  0.000 getsockopt
22:37:43   7779   0.022       0   0.000  0.000 write
22:37:44   7241   0.020       0   0.000  0.000 write
22:37:45   8697   0.040       0   0.000  0.000 fstat
22:37:46   6745   0.023       0   0.000  0.000 write
22:37:47   7087   0.024       0   0.000  0.000 write
22:37:48   7538   0.025       0   0.000  0.000 write
22:37:49   6954   0.024       0   0.000  0.000 write
22:37:50   7632   0.026       0   0.000  0.000 madvise
22:37:51   7759   0.026       0   0.000  0.000 write
22:37:52   9043   0.043       0   0.000  0.000 fstat
22:37:53   7958   0.028       0   0.000  0.000 write
22:37:54   7862   0.027       0   0.000  0.000 write
22:37:55   7997   0.026       0   0.000  0.000 write
22:37:56   6935   0.023       0   0.000  0.000 write
22:37:57   6531   0.022       0   0.000  0.000 write
22:37:58   8203   0.041       0   0.000  0.000 write
22:37:59   6861   0.023       0   0.000  0.000 write
22:38:00   6920   0.023       0   0.000  0.000 write
22:38:01   4565   0.014       0   0.000  0.000 write
22:38:02   3714   0.011       0   0.000  0.000 write
22:38:03   4699   0.014       0   0.000  0.000 write
22:38:04   4058   0.012       0   0.000  0.000 getsockopt
22:38:05   3932   0.011       0   0.000  0.000 write
22:38:06   4085   0.011       0   0.000  0.000 write
22:38:07   4171   0.010       0   0.000  0.000 fstat
22:38:08   5156   0.021       0   0.000  0.000 fstat
22:38:09   3266   0.009       0   0.000  0.000 fstat
22:38:10   4280   0.018       0   0.000  0.000 fstat
22:38:11   2079   0.004       0   0.000  0.000 fstat
22:38:12   1889   0.003       0   0.000  0.000 fstat
22:38:13   1838   0.003       0   0.000  0.000 fstat
22:38:14   1878   0.003       0   0.000  0.000 write
22:38:15   4754   0.025       0   0.000  0.000 fstat
22:38:16  14879   0.110       0   0.000  0.000 getsockopt
22:38:17  14645   0.103       0   0.000  0.000 fstat
22:38:18  14966   0.110       0   0.000  0.000 fstat
22:38:19  14476   0.094       0   0.000  0.000 fstat
22:38:20  14107   0.096       0   0.000  0.000 getsockopt
22:38:21  15280   0.114       0   0.000  0.000 getsockopt
22:38:22  13992   0.097       0   0.000  0.000 fstat
22:38:23  15043   0.121       0   0.000  0.000 fstat
22:38:24  14314   0.100       0   0.000  0.000 fstat
22:38:25  15281   0.117       0   0.000  0.000 getsockopt
22:38:26  13914   0.103       0   0.000  0.000 getsockopt
22:38:27  14389   0.098       0   0.000  0.000 fstat
22:38:28  14803   0.112       0   0.000  0.000 fstat
22:38:29  14161   0.104       0   0.000  0.000 getsockopt
22:38:30  14229   0.094       0   0.000  0.000 fstat
22:38:31  15109   0.108       0   0.000  0.000 getsockopt
22:38:32  14216   0.101       0   0.000  0.000 getsockopt
22:38:33  15153   0.109       0   0.000  0.000 getsockopt
22:38:34  14278   0.104       0   0.000  0.000 fstat
22:38:35  15064   0.105       0   0.000  0.000 getsockopt
22:38:36  14364   0.100       0   0.000  0.000 getsockopt
22:38:37  15201   0.112       0   0.000  0.000 fstat
22:38:38  14280   0.096       0   0.000  0.000 getsockopt
22:38:39  15473   0.118       0   0.000  0.000 getsockopt
22:38:40  16997   0.136       0   0.000  0.000 fstat
22:38:41  15506   0.117       0   0.000  0.000 getsockopt
22:38:42  16431   0.118       0   0.000  0.001 getsockopt
22:38:43  17858   0.133       0   0.000  0.003 getsockopt
22:38:44  18322   0.129       0   0.000  0.002 getsockopt
22:38:45  17522   0.122       0   0.000  0.000 fstat
22:38:46  18646   0.135       0   0.000  0.000 fstat
22:38:47  17657   0.125       0   0.000  0.000 fstat
22:38:48  18456   0.134       0   0.000  0.000 getsockopt
22:38:49  18401   0.134       0   0.000  0.000 getsockopt
22:38:50  18819   0.133       0   0.000  0.000 getsockopt
22:38:51  17778   0.120       0   0.000  0.000 fstat
22:38:52  18818   0.134       0   0.000  0.000 getsockopt
22:38:53  18488   0.133       0   0.000  0.000 fstat
22:38:54  17599   0.122       0   0.000  0.000 getsockopt
22:38:55  18252   0.138       0   0.000  0.000 write
22:38:56  18042   0.134       0   0.000  0.000 fstat
22:38:57  18342   0.131       0   0.000  0.000 fstat
22:38:58  20120   0.142       0   0.000  0.000 fstat
22:38:59  20855   0.149       0   0.000  0.000 fstat
22:39:00  23468   0.175       0   0.000  0.000 getsockopt
22:39:01  30044   0.231       0   0.000  0.001 fstat
22:39:02  45924   0.409       0   0.000  0.000 fstat
22:39:03  26438   0.268       0   0.000  0.026 writev
22:39:04    927   0.000       0   0.000  0.000 
22:39:05    927   0.000       0   0.000  0.000 
22:39:06    927   0.000       0   0.000  0.000 
22:39:07    927   0.000       0   0.000  0.000 
22:39:08    927   0.000       0   0.000  0.000 
22:39:09    927   0.000       0   0.000  0.000 
22:39:10    927   0.000       0   0.000  0.000 
22:39:11    927   0.000       0   0.000  0.000 
22:39:12    927   0.000       0   0.000  0.000 
22:39:13    926   0.000       0   0.000  0.000 
22:39:14    931   0.000       0   0.000  0.000 
22:39:15    933   0.000       0   0.000  0.000 
22:39:16    932   0.000       0   0.000  0.000 
22:39:17    932   0.000       0   0.000  0.000 
22:39:18    932   0.000       0   0.000  0.000 
22:39:19    933   0.000       0   0.000  0.000 
22:39:20    932   0.000       0   0.000  0.000 
22:39:21    932   0.000       0   0.000  0.000 
22:39:22    932   0.000       0   0.000  0.000 
22:39:23    933   0.000       0   0.000  0.000 
22:39:24    932   0.000       0   0.000  0.000 
22:39:25    932   0.000       0   0.000  0.000 
22:39:26    932   0.000       0   0.000  0.000 
22:39:27    932   0.000       0   0.000  0.000 
22:39:28    933   0.000       0   0.000  0.000 
22:39:29    932   0.000       0   0.000  0.000 
22:39:30    932   0.000       0   0.000  0.000 
22:39:31    932   0.000       0   0.000  0.000 
22:39:32    932   0.000       0   0.000  0.000 
22:39:33    932   0.000       0   0.000  0.000 
22:39:34   1056   0.019       0   0.000  0.003 munmap
22:39:35    985   0.041       0   0.000  0.040 writev
22:39:36    932   0.000       0   0.000  0.000 
22:39:37    932   0.000       0   0.000  0.000 
22:39:38    932   0.000       0   0.000  0.000 
22:39:39    932   0.000       0   0.000  0.000 
22:39:40    932   0.000       0   0.000  0.000 
22:39:41    932   0.000       0   0.000  0.000 
22:39:42    932   0.000       0   0.000  0.000 
22:39:43    932   0.000       0   0.000  0.000 
22:39:44    932   0.000       0   0.000  0.000 
22:39:45    932   0.000       0   0.000  0.000 
22:39:46    932   0.000       0   0.000  0.000 
22:39:47    932   0.000       0   0.000  0.000 
22:39:48    932   0.000       0   0.000  0.000 
22:39:49    932   0.000       0   0.000  0.000 
22:39:50    932   0.000       0   0.000  0.000 
22:39:51    933   0.000       0   0.000  0.000 
22:39:52    932   0.000       0   0.000  0.000 
22:39:53    959   0.036       0   0.000  0.032 writev
22:39:54    947   0.050       0   0.000  0.050 writev
22:39:55    942   0.032       0   0.000  0.032 writev
22:39:56    932   0.000       0   0.000  0.000 
22:39:57    933   0.000       0   0.000  0.000 
22:39:58    932   0.000       0   0.000  0.000 
22:39:59    932   0.000       0   0.000  0.000 
22:40:00    933   0.000       0   0.000  0.000 
22:40:01    932   0.000       0   0.000  0.000 
22:40:02    947   0.037       0   0.000  0.037 writev
22:40:03    932   0.000       0   0.000  0.000 
22:40:04    943   0.034       0   0.000  0.034 writev
22:40:05    932   0.000       0   0.000  0.000 
22:40:06    932   0.000       0   0.000  0.000 
22:40:07    932   0.000       0   0.000  0.000 
22:40:08    933   0.000       0   0.000  0.000 
22:40:09    932   0.000       0   0.000  0.000 
22:40:10    932   0.000       0   0.000  0.000 
22:40:11    935   0.000       0   0.000  0.000 
22:40:12    944   0.028       0   0.000  0.028 writev
22:40:13    935   0.000       0   0.000  0.000 
22:40:14    939   0.030       0   0.000  0.030 writev
22:40:15    932   0.000       0   0.000  0.000 
22:40:16    932   0.000       0   0.000  0.000 
22:40:17    932   0.000       0   0.000  0.000 
22:40:18    932   0.000       0   0.000  0.000 
22:40:19    932   0.000       0   0.000  0.000 
22:40:20    933   0.000       0   0.000  0.000 
22:40:21    932   0.000       0   0.000  0.000 
22:40:22    935   0.000       0   0.000  0.000 
22:40:23    944   0.041       0   0.000  0.041 writev
22:40:24    935   0.000       0   0.000  0.000 
22:40:25    939   0.040       0   0.000  0.040 writev
22:40:26    932   0.000       0   0.000  0.000 
22:40:27    932   0.000       0   0.000  0.000 
22:40:28    932   0.000       0   0.000  0.000 
22:40:29    946   0.045       0   0.000  0.045 writev
22:40:30    932   0.000       0   0.000  0.000 
22:40:31    935   0.000       0   0.000  0.000 
22:40:32    939   0.029       0   0.000  0.029 writev
22:40:33    932   0.000       0   0.000  0.000 
22:40:34    932   0.000       0   0.000  0.000 
22:40:35    932   0.000       0   0.000  0.000 
22:40:36    932   0.000       0   0.000  0.000 
22:40:37    932   0.000       0   0.000  0.000 
22:40:38    932   0.000       0   0.000  0.000 
22:40:39    932   0.000       0   0.000  0.000 
22:40:40    932   0.000       0   0.000  0.000 
22:40:41    932   0.000       0   0.000  0.000 
22:40:42    933   0.000       0   0.000  0.000 
22:40:43    932   0.000       0   0.000  0.000 
22:40:44    932   0.000       0   0.000  0.000 
22:40:45    932   0.000       0   0.000  0.000 
22:40:46    932   0.000       0   0.000  0.000 
22:40:47    932   0.000       0   0.000  0.000 
22:40:48    932   0.000       0   0.000  0.000 
22:40:49    932   0.000       0   0.000  0.000 
22:40:50    932   0.000       0   0.000  0.000 
22:40:51    933   0.000       0   0.000  0.000 
22:40:52    932   0.000       0   0.000  0.000 
22:40:53    932   0.000       0   0.000  0.000 
22:40:54    930   0.000       0   0.000  0.000 
22:40:55    932   0.000       0   0.000  0.000 
22:40:56    933   0.000       0   0.000  0.000 
22:40:57    932   0.000       0   0.000  0.000 
22:40:58    933   0.000       0   0.000  0.000 
22:40:59    932   0.000       0   0.000  0.000 
22:41:00    933   0.000       0   0.000  0.000 
22:41:01    932   0.000       0   0.000  0.000 
22:41:02    940   0.001       0   0.000  0.001 ioctl
22:41:03    992   0.026       0   0.000  0.024 writev
22:41:04    944   0.029       0   0.000  0.029 writev
22:41:05    932   0.000       0   0.000  0.000 
22:41:06    932   0.000       0   0.000  0.000 
22:41:07    933   0.000       0   0.000  0.000 
22:41:08    932   0.000       0   0.000  0.000 
22:41:09    942   0.022       0   0.000  0.022 writev
22:41:10    932   0.000       0   0.000  0.000 
22:41:11    937   0.004       0   0.000  0.002 munmap
22:41:12    932   0.000       0   0.000  0.000 
22:41:13    933   0.000       0   0.000  0.000 
22:41:14    932   0.000       0   0.000  0.000 
22:41:15    932   0.000       0   0.000  0.000 
22:41:16    933   0.000       0   0.000  0.000 
22:41:17    932   0.000       0   0.000  0.000 
22:41:18    932   0.000       0   0.000  0.000 
22:41:19    932   0.000       0   0.000  0.000 
22:41:20    932   0.000       0   0.000  0.000 
22:41:21    933   0.000       0   0.000  0.000 
22:41:22    526   0.000       0   0.000  0.000 
