tid  calls  work_s  (top work syscalls)
813068  674975    1.729  write=1.73
813058     339    0.607  writev=0.59
813441  169282    0.600 
813440   92534    0.333 
813438   73518    0.254 
813470   22394    0.242 
813468   22361    0.238 
813472   22259    0.236 
813461   22438    0.229 
813460   22690    0.228 
813444   22481    0.227 
813455   22375    0.226 
813448   22608    0.225 
813467   22323    0.223 
813449   22560    0.223 
813453   22208    0.222 
813446   22372    0.222 
813465   22375    0.221 
813469   22356    0.220 
813463   22420    0.220 
813471   22318    0.219 
813451   22419    0.219 
813443   22385    0.219 
813466   22405    0.218 
813456   22542    0.217 
813454   22522    0.217 
813450   22447    0.215 
813462   22366    0.214 
813459   22468    0.214 
813457   22477    0.214 
