tid  calls  work_s  (top work syscalls)
1526678  684192    1.428  write=1.43
1526881  363787    1.299  fstat=0.63 getsockopt=0.65
1526667     222    0.479 
1526880   71426    0.252 
1526903   21538    0.228 
1526664   39446    0.226 
1526911   21341    0.213 
1526914   21242    0.211 
1526906   21437    0.211 
1526910   21284    0.210 
1526907   21473    0.210 
1526912   21455    0.209 
1526908   21519    0.209 
1526900   21242    0.209 
1526894   21428    0.208 
1526892   21379    0.208 
1526913   21373    0.207 
1526895   21422    0.207 
1526909   21468    0.205 
1526883   21443    0.205 
1526893   21546    0.203 
1526889   21284    0.203 
1526897   21487    0.200 
1526888   21325    0.200 
1526886   21367    0.200 
1526902   21517    0.199 
1526901   21554    0.199 
1526887   21474    0.199 
1526896   21618    0.198 
1526884   21412    0.197 
