tid  calls  work_s  (top work syscalls)
1609518  684498    1.495  write=1.49
1609718  279194    1.139  fstat=0.54 getsockopt=0.57
1609507     323    0.557  writev=0.54
1609506   46098    0.428 
1609717   90794    0.345 
1609504   27393    0.281 
1609779   21538    0.220 
1609794   21444    0.215 
1609792   21326    0.215 
1609791   21624    0.215 
1609789   21515    0.215 
1609795   21416    0.214 
1609793   21519    0.212 
1609796   21548    0.211 
1609777   21530    0.210 
1609770   21464    0.210 
1609767   21441    0.209 
1609790   21520    0.208 
1609784   21434    0.208 
1609786   21438    0.207 
1609774   21283    0.207 
1609773   21407    0.206 
1609778   21401    0.205 
1609772   21368    0.205 
1609788   21414    0.204 
1609787   21447    0.203 
1609783   21472    0.203 
1609771   21485    0.201 
1609768   21431    0.201 
1609766   21449    0.201 
