22:35:40    471   0.009       0   0.000  0.001 ioctl
22:35:41    934   0.000       0   0.000  0.000 
22:35:42    949   0.000       0   0.000  0.000 writev
22:35:43    935   0.000       0   0.000  0.000 
22:35:44    935   0.000       0   0.000  0.000 
22:35:45    935   0.000       0   0.000  0.000 
22:35:46    934   0.000       0   0.000  0.000 
22:35:47    934   0.000       0   0.000  0.000 
22:35:48    935   0.000       0   0.000  0.000 
22:35:49    935   0.000       0   0.000  0.000 
22:35:50    934   0.000       0   0.000  0.000 
22:35:51    935   0.000       0   0.000  0.000 
22:35:52    934   0.000       0   0.000  0.000 
22:35:53    935   0.000       0   0.000  0.000 
22:35:54    935   0.000       0   0.000  0.000 
22:35:55    934   0.000       0   0.000  0.000 
22:35:56    936   0.000       0   0.000  0.000 
22:35:57    934   0.000       0   0.000  0.000 
22:35:58    935   0.000       0   0.000  0.000 
22:35:59   9340   0.058       0   0.000  0.001 ioctl
22:36:00  17653   0.116       0   0.000  0.001 ioctl
22:36:01  23997   0.142       0   0.000  0.000 mprotect
22:36:02  13434   0.064       0   0.000  0.000 write
22:36:03   8316   0.026       0   0.000  0.001 ioctl
22:36:04   8349   0.018       0   0.000  0.000 write
22:36:05   9062   0.036       0   0.000  0.001 ioctl
22:36:06   8781   0.023       0   0.000  0.000 ioctl
22:36:07   8222   0.019       0   0.000  0.000 write
22:36:08   9561   0.029       0   0.000  0.001 ioctl
22:36:09   8157   0.022       0   0.000  0.000 write
22:36:10   7664   0.021       0   0.000  0.000 write
22:36:11   9033   0.029       0   0.000  0.001 ioctl
22:36:12   9822   0.026       0   0.000  0.000 write
22:36:13   8489   0.021       0   0.000  0.000 getsockopt
22:36:14  10362   0.033       0   0.000  0.001 ioctl
22:36:15   8115   0.022       0   0.000  0.000 write
22:36:16   7998   0.020       0   0.000  0.000 getsockopt
22:36:17  10686   0.036       0   0.000  0.001 ioctl
22:36:18   8143   0.020       0   0.000  0.000 write
22:36:19   7745   0.019       0   0.000  0.000 write
22:36:20   9962   0.033       0   0.000  0.000 write
22:36:21   7969   0.020       0   0.000  0.000 write
22:36:22   8151   0.017       0   0.000  0.000 getsockopt
22:36:23  10428   0.036       0   0.000  0.001 ioctl
22:36:24   9360   0.021       0   0.000  0.000 write
22:36:25   9249   0.024       0   0.000  0.000 write
22:36:26  10019   0.031       0   0.000  0.000 write
22:36:27   6916   0.014       0   0.000  0.000 write
22:36:28   8979   0.021       0   0.000  0.000 write
22:36:29   8389   0.023       0   0.000  0.000 write
22:36:30  13385   0.775       0   0.000  0.019 socket
22:36:31   7181   0.018       0   0.000  0.000 write
22:36:32   7201   0.020       0   0.000  0.000 write
22:36:33   7872   0.036       0   0.000  0.000 fstat
22:36:34   6653   0.018       0   0.000  0.000 write
22:36:35   6730   0.018       0   0.000  0.000 write
22:36:36   6671   0.017       0   0.000  0.000 write
22:36:37   8007   0.047       0   0.000  0.001 ioctl
22:36:38   6472   0.020       0   0.000  0.000 write
22:36:39   6424   0.020       0   0.000  0.000 write
22:36:40   6549   0.019       0   0.000  0.000 write
22:36:41   7728   0.034       0   0.000  0.000 fstat
22:36:42   6435   0.020       0   0.000  0.000 write
22:36:43   6533   0.023       0   0.000  0.003 write
22:36:44   6635   0.020       0   0.000  0.000 write
22:36:45   8102   0.036       0   0.000  0.000 fstat
22:36:46   7054   0.022       0   0.000  0.000 write
22:36:47   7272   0.022       0   0.000  0.000 write
22:36:48   6864   0.019       0   0.000  0.000 fstat
22:36:49   7989   0.036       0   0.000  0.000 write
22:36:50   6714   0.020       0   0.000  0.000 write
22:36:51   6791   0.020       0   0.000  0.000 write
22:36:52   6798   0.020       0   0.000  0.000 write
22:36:53   6692   0.020       0   0.000  0.000 mprotect
22:36:54   6695   0.020       0   0.000  0.000 getsockopt
22:36:55   6516   0.017       0   0.000  0.000 getsockopt
22:36:56   8391   0.036       0   0.000  0.000 getsockopt
22:36:57   7252   0.021       0   0.000  0.000 write
22:36:58   7193   0.019       0   0.000  0.000 write
22:36:59   7380   0.019       0   0.000  0.000 write
22:37:00   8858   0.042       0   0.000  0.000 fstat
22:37:01   7427   0.022       0   0.000  0.000 getsockopt
22:37:02   7150   0.021       0   0.000  0.000 write
22:37:03   8104   0.035       0   0.000  0.000 fstat
22:37:04   6369   0.019       0   0.000  0.000 write
22:37:05   6581   0.019       0   0.000  0.000 write
22:37:06   6365   0.019       0   0.000  0.000 write
22:37:07   6599   0.018       0   0.000  0.000 fstat
22:37:08   6572   0.017       0   0.000  0.000 fstat
22:37:09   6664   0.018       0   0.000  0.000 write
22:37:10   6525   0.017       0   0.000  0.000 write
22:37:11   9074   0.041       0   0.000  0.000 getsockopt
22:37:12   8042   0.023       0   0.000  0.000 write
22:37:13  10759   0.061       0   0.000  0.000 fstat
22:37:14   8134   0.023       0   0.000  0.000 write
22:37:15   7541   0.020       0   0.000  0.000 write
22:37:16   7181   0.020       0   0.000  0.000 write
22:37:17   8330   0.038       0   0.000  0.000 write
22:37:18   5885   0.016       0   0.000  0.000 fstat
22:37:19   6474   0.019       0   0.000  0.000 getsockopt
22:37:20   6167   0.017       0   0.000  0.000 write
22:37:21   8301   0.039       0   0.000  0.000 fstat
22:37:22   6200   0.017       0   0.000  0.000 write
22:37:23   6508   0.020       0   0.000  0.000 write
22:37:24   6408   0.017       0   0.000  0.000 write
22:37:25   9004   0.036       0   0.000  0.000 fstat
22:37:26   7597   0.023       0   0.000  0.000 write
22:37:27   7666   0.023       0   0.000  0.000 write
22:37:28   9664   0.042       0   0.000  0.000 fstat
22:37:29   7503   0.022       0   0.000  0.000 write
22:37:30   7767   0.023       0   0.000  0.000 write
22:37:31   8572   0.039       0   0.000  0.000 getsockopt
22:37:32   8428   0.032       0   0.000  0.000 getsockopt
22:37:33   7099   0.020       0   0.000  0.000 write
22:37:34   7008   0.021       0   0.000  0.000 write
22:37:35   7310   0.022       0   0.000  0.000 write
22:37:36   6987   0.020       0   0.000  0.000 write
22:37:37   7598   0.021       0   0.000  0.000 fstat
22:37:38   9556   0.042       0   0.000  0.000 write
22:37:39   7252   0.021       0   0.000  0.000 write
22:37:40   7757   0.024       0   0.000  0.000 write
22:37:41   8031   0.022       0   0.000  0.000 write
22:37:42   7694   0.021       0   0.000  0.000 write
22:37:43   7856   0.021       0   0.000  0.000 write
22:37:44   7175   0.019       0   0.000  0.000 write
22:37:45   8577   0.041       0   0.000  0.000 fstat
22:37:46   6795   0.019       0   0.000  0.000 write
22:37:47   7009   0.020       0   0.000  0.000 write
22:37:48   7483   0.021       0   0.000  0.000 write
22:37:49   6970   0.018       0   0.000  0.000 write
22:37:50   7606   0.019       0   0.000  0.000 madvise
22:37:51   8119   0.021       0   0.000  0.000 write
22:37:52   8992   0.035       0   0.000  0.000 write
22:37:53   7979   0.023       0   0.000  0.000 write
22:37:54   7972   0.021       0   0.000  0.000 write
22:37:55   8001   0.024       0   0.000  0.000 fstat
22:37:56   6860   0.018       0   0.000  0.000 write
22:37:57   6585   0.018       0   0.000  0.000 write
22:37:58   8359   0.037       0   0.000  0.000 fstat
22:37:59   6856   0.018       0   0.000  0.000 write
22:38:00   7142   0.019       0   0.000  0.000 write
22:38:01   4375   0.010       0   0.000  0.000 getsockopt
22:38:02   4187   0.009       0   0.000  0.000 write
22:38:03   4577   0.011       0   0.000  0.000 write
22:38:04   4008   0.009       0   0.000  0.000 write
22:38:05   4003   0.009       0   0.000  0.000 write
22:38:06   4177   0.010       0   0.000  0.000 fstat
22:38:07   4181   0.011       0   0.000  0.000 fstat
22:38:08   5308   0.024       0   0.000  0.000 fstat
22:38:09   9730   0.059       0   0.000  0.000 getsockopt
22:38:10  26717   0.202       0   0.000  0.000 getsockopt
22:38:11  21985   0.151       0   0.000  0.000 fstat
22:38:12  18626   0.132       0   0.000  0.000 fstat
22:38:13  18342   0.136       0   0.000  0.000 getsockopt
22:38:14  17810   0.121       0   0.000  0.000 fstat
22:38:15  18370   0.132       0   0.000  0.000 fstat
22:38:16  14075   0.095       0   0.000  0.000 fstat
22:38:17  15245   0.110       0   0.000  0.000 fstat
22:38:18  14160   0.104       0   0.000  0.000 fstat
22:38:19  15022   0.120       0   0.000  0.000 write
22:38:20  14254   0.112       0   0.000  0.000 fstat
22:38:21  15165   0.110       0   0.000  0.000 fstat
22:38:22  14199   0.100       0   0.000  0.000 fstat
22:38:23  15115   0.113       0   0.000  0.000 getsockopt
22:38:24  14330   0.098       0   0.000  0.000 getsockopt
22:38:25  14682   0.102       0   0.000  0.000 fstat
22:38:26  13391   0.100       0   0.000  0.000 fstat
22:38:27  14948   0.102       0   0.000  0.000 getsockopt
22:38:28  13959   0.093       0   0.000  0.000 fstat
22:38:29  14412   0.110       0   0.000  0.000 fstat
22:38:30  14817   0.105       0   0.000  0.000 fstat
22:38:31  15121   0.107       0   0.000  0.000 getsockopt
22:38:32  14266   0.108       0   0.000  0.000 getsockopt
22:38:33  15273   0.114       0   0.000  0.000 fstat
22:38:34  14227   0.103       0   0.000  0.001 getsockopt
22:38:35  14838   0.111       0   0.000  0.000 getsockopt
22:38:36  14508   0.099       0   0.000  0.000 getsockopt
22:38:37  14930   0.110       0   0.000  0.000 fstat
22:38:38  14631   0.099       0   0.000  0.000 fstat
22:38:39  16569   0.126       0   0.000  0.001 getsockopt
22:38:40  16086   0.114       0   0.000  0.000 fstat
22:38:41  16086   0.119       0   0.000  0.000 fstat
22:38:42  16531   0.120       0   0.000  0.000 fstat
22:38:43  18316   0.134       0   0.000  0.000 getsockopt
22:38:44  17594   0.150       0   0.000  0.000 getsockopt
22:38:45  18633   0.142       0   0.000  0.000 getsockopt
22:38:46  18514   0.132       0   0.000  0.000 fstat
22:38:47  17682   0.121       0   0.000  0.000 fstat
22:38:48  18449   0.139       0   0.000  0.000 getsockopt
22:38:49  18693   0.138       0   0.000  0.000 fstat
22:38:50  18516   0.132       0   0.000  0.000 getsockopt
22:38:51  17971   0.122       0   0.000  0.000 getsockopt
22:38:52  18553   0.126       0   0.000  0.000 getsockopt
22:38:53  18688   0.130       0   0.000  0.000 getsockopt
22:38:54  17670   0.119       0   0.000  0.000 fstat
22:38:55  18727   0.145       0   0.000  0.000 getsockopt
22:38:56  17641   0.127       0   0.000  0.000 getsockopt
22:38:57  18361   0.126       0   0.000  0.000 getsockopt
22:38:58  19888   0.143       0   0.000  0.000 getsockopt
22:38:59  20965   0.152       0   0.000  0.000 fstat
22:39:00   8132   0.097       0   0.000  0.042 writev
22:39:01    926   0.000       0   0.000  0.000 
22:39:02    927   0.000       0   0.000  0.000 
22:39:03    926   0.000       0   0.000  0.000 
22:39:04    926   0.000       0   0.000  0.000 
22:39:05    926   0.000       0   0.000  0.000 
22:39:06    926   0.000       0   0.000  0.000 
22:39:07    926   0.000       0   0.000  0.000 
22:39:08    926   0.000       0   0.000  0.000 
22:39:09    926   0.000       0   0.000  0.000 
22:39:10    931   0.000       0   0.000  0.000 
22:39:11    932   0.000       0   0.000  0.000 
22:39:12    932   0.000       0   0.000  0.000 
22:39:13    932   0.000       0   0.000  0.000 
22:39:14    932   0.000       0   0.000  0.000 
22:39:15    932   0.000       0   0.000  0.000 
22:39:16    932   0.000       0   0.000  0.000 
22:39:17    932   0.000       0   0.000  0.000 
22:39:18    932   0.000       0   0.000  0.000 
22:39:19    932   0.000       0   0.000  0.000 
22:39:20    932   0.000       0   0.000  0.000 
22:39:21    931   0.000       0   0.000  0.000 
22:39:22    932   0.000       0   0.000  0.000 
22:39:23    932   0.000       0   0.000  0.000 
22:39:24    932   0.000       0   0.000  0.000 
22:39:25    932   0.000       0   0.000  0.000 
22:39:26    932   0.000       0   0.000  0.000 
22:39:27    932   0.000       0   0.000  0.000 
22:39:28    932   0.000       0   0.000  0.000 
22:39:29    932   0.000       0   0.000  0.000 
22:39:30   1052   0.018       0   0.000  0.003 munmap
22:39:31    932   0.000       0   0.000  0.000 
22:39:32    932   0.000       0   0.000  0.000 
22:39:33    932   0.000       0   0.000  0.000 
22:39:34    932   0.000       0   0.000  0.000 
22:39:35    985   0.034       0   0.000  0.032 writev
22:39:36    931   0.000       0   0.000  0.000 
22:39:37    932   0.000       0   0.000  0.000 
22:39:38    932   0.000       0   0.000  0.000 
22:39:39    932   0.000       0   0.000  0.000 
22:39:40    931   0.000       0   0.000  0.000 
22:39:41    932   0.000       0   0.000  0.000 
22:39:42    932   0.000       0   0.000  0.000 
22:39:43    932   0.000       0   0.000  0.000 
22:39:44    932   0.000       0   0.000  0.000 
22:39:45    931   0.000       0   0.000  0.000 
22:39:46    932   0.000       0   0.000  0.000 
22:39:47    932   0.000       0   0.000  0.000 
22:39:48    932   0.000       0   0.000  0.000 
22:39:49    932   0.000       0   0.000  0.000 
22:39:50    932   0.000       0   0.000  0.000 
22:39:51    932   0.000       0   0.000  0.000 
22:39:52    932   0.000       0   0.000  0.000 
22:39:53    957   0.033       0   0.000  0.027 writev
22:39:54    947   0.049       0   0.000  0.048 writev
22:39:55    941   0.043       0   0.000  0.042 writev
22:39:56    932   0.000       0   0.000  0.000 
22:39:57    932   0.000       0   0.000  0.000 
22:39:58    932   0.000       0   0.000  0.000 
22:39:59    932   0.000       0   0.000  0.000 
22:40:00    931   0.000       0   0.000  0.000 
22:40:01    932   0.000       0   0.000  0.000 
22:40:02    947   0.028       0   0.000  0.028 writev
22:40:03    932   0.000       0   0.000  0.000 
22:40:04    941   0.028       0   0.000  0.028 writev
22:40:05    932   0.000       0   0.000  0.000 
22:40:06    932   0.000       0   0.000  0.000 
22:40:07    931   0.000       0   0.000  0.000 
22:40:08    932   0.000       0   0.000  0.000 
22:40:09    931   0.000       0   0.000  0.000 
22:40:10    932   0.000       0   0.000  0.000 
22:40:11    935   0.000       0   0.000  0.000 
22:40:12    943   0.034       0   0.000  0.034 writev
22:40:13    935   0.000       0   0.000  0.000 
22:40:14    939   0.030       0   0.000  0.030 writev
22:40:15    932   0.000       0   0.000  0.000 
22:40:16    931   0.000       0   0.000  0.000 
22:40:17    932   0.000       0   0.000  0.000 
22:40:18    932   0.000       0   0.000  0.000 
22:40:19    931   0.000       0   0.000  0.000 
22:40:20    932   0.000       0   0.000  0.000 
22:40:21    932   0.000       0   0.000  0.000 
22:40:22    934   0.000       0   0.000  0.000 
22:40:23    944   0.041       0   0.000  0.041 writev
22:40:24    935   0.000       0   0.000  0.000 
22:40:25    939   0.040       0   0.000  0.040 writev
22:40:26    932   0.000       0   0.000  0.000 
22:40:27    932   0.000       0   0.000  0.000 
22:40:28    932   0.000       0   0.000  0.000 
22:40:29    946   0.048       0   0.000  0.048 writev
22:40:30    932   0.000       0   0.000  0.000 
22:40:31    935   0.000       0   0.000  0.000 
22:40:32    939   0.045       0   0.000  0.045 writev
22:40:33    931   0.000       0   0.000  0.000 
22:40:34    932   0.000       0   0.000  0.000 
22:40:35    932   0.000       0   0.000  0.000 
22:40:36    932   0.000       0   0.000  0.000 
22:40:37    931   0.000       0   0.000  0.000 
22:40:38    932   0.000       0   0.000  0.000 
22:40:39    932   0.000       0   0.000  0.000 
22:40:40    932   0.000       0   0.000  0.000 
22:40:41    932   0.000       0   0.000  0.000 
22:40:42    932   0.000       0   0.000  0.000 
22:40:43    932   0.000       0   0.000  0.000 
22:40:44    932   0.000       0   0.000  0.000 
22:40:45    931   0.000       0   0.000  0.000 
22:40:46    932   0.000       0   0.000  0.000 
22:40:47    932   0.000       0   0.000  0.000 
22:40:48    931   0.000       0   0.000  0.000 
22:40:49    932   0.000       0   0.000  0.000 
22:40:50    932   0.000       0   0.000  0.000 
22:40:51    932   0.000       0   0.000  0.000 
22:40:52    931   0.000       0   0.000  0.000 
22:40:53    932   0.000       0   0.000  0.000 
22:40:54    932   0.000       0   0.000  0.000 
22:40:55    931   0.000       0   0.000  0.000 
22:40:56    932   0.000       0   0.000  0.000 
22:40:57    931   0.000       0   0.000  0.000 
22:40:58    932   0.000       0   0.000  0.000 
22:40:59    931   0.000       0   0.000  0.000 
22:41:00    932   0.000       0   0.000  0.000 
22:41:01    932   0.000       0   0.000  0.000 
22:41:02    940   0.001       0   0.000  0.001 ioctl
22:41:03    988   0.027       0   0.000  0.025 writev
22:41:04    931   0.000       0   0.000  0.000 
22:41:05    932   0.000       0   0.000  0.000 
22:41:06    932   0.000       0   0.000  0.000 
22:41:07    931   0.000       0   0.000  0.000 
22:41:08    935   0.000       0   0.000  0.000 
22:41:09    943   0.036       0   0.000  0.035 writev
22:41:10    932   0.000       0   0.000  0.000 
22:41:11    932   0.000       0   0.000  0.000 
22:41:12    932   0.000       0   0.000  0.000 
22:41:13    932   0.000       0   0.000  0.000 
22:41:14    932   0.000       0   0.000  0.000 
22:41:15    936   0.004       0   0.000  0.002 munmap
22:41:16    932   0.000       0   0.000  0.000 
22:41:17    932   0.000       0   0.000  0.000 
22:41:18    932   0.000       0   0.000  0.000 
22:41:19    931   0.000       0   0.000  0.000 
22:41:20    932   0.000       0   0.000  0.000 
22:41:21    932   0.000       0   0.000  0.000 
22:41:22    520   0.000       0   0.000  0.000 
