tid  calls  work_s  (top work syscalls)
1794238  685932    1.497  write=1.50
1794440  397546    1.399  fstat=0.68 getsockopt=0.71
1794227     222    0.539  writev=0.53
1794224   44959    0.399 
1794226   27466    0.252 
1794515   21229    0.223 
1794493   21513    0.220 
1794518   21309    0.218 
1794519   21266    0.217 
1794517   21148    0.217 
1794507   21281    0.215 
1794511   21219    0.214 
1794510   21421    0.214 
1794516   21406    0.213 
1794514   21375    0.213 
1794512   21185    0.213 
1794497   21359    0.213 
1794506   21317    0.209 
1794500   21425    0.209 
1794503   21264    0.208 
1794508   21403    0.206 
1794496   21369    0.206 
1794490   21259    0.206 
1794502   21270    0.205 
1794499   21349    0.205 
1794505   21313    0.204 
1794495   21217    0.204 
1794494   21524    0.202 
1794492   21326    0.202 
1794489   21350    0.199 
