22:35:22    316   0.001       1   0.000  0.000 fsync
22:35:23   2011   0.023       8   0.004  0.001 ioctl
22:35:24   2136   0.011       6   0.002  0.001 ioctl
22:35:25   2019   0.007       0   0.000  0.001 ioctl
22:35:26   2129   0.010       6   0.002  0.001 ioctl
22:35:27   2293   0.006       0   0.000  0.001 ioctl
22:35:28   2205   0.006       0   0.000  0.001 ioctl
22:35:29   2172   0.004       0   0.000  0.000 write
22:35:30   2188   0.004       0   0.000  0.000 clone3
22:35:31   2182   0.005       0   0.000  0.000 clone3
22:35:32   2170   0.004       0   0.000  0.000 write
22:35:33   2147   0.004       0   0.000  0.000 write
22:35:34   2154   0.004       0   0.000  0.000 pread64
22:35:35   2178   0.004       0   0.000  0.000 write
22:35:36   2155   0.005       0   0.000  0.000 write
22:35:37   2205   0.004       0   0.000  0.000 write
22:35:38   2137   0.005       0   0.000  0.000 write
22:35:39   1884   0.003       0   0.000  0.000 write
22:35:40   2669   0.008       0   0.000  0.000 clone3
22:35:41   2224   0.004       0   0.000  0.000 write
22:35:42   2255   0.006       0   0.000  0.001 ioctl
22:35:43   2172   0.004       0   0.000  0.000 write
22:35:44   2208   0.004       0   0.000  0.000 write
22:35:45   2184   0.004       0   0.000  0.000 write
22:35:46   2225   0.004       0   0.000  0.000 write
22:35:47   2191   0.004       0   0.000  0.000 write
22:35:48   2186   0.004       0   0.000  0.000 pread64
22:35:49   2249   0.004       0   0.000  0.000 write
22:35:50   2304   0.004       0   0.000  0.000 write
22:35:51   2321   0.004       0   0.000  0.000 pread64
22:35:52   2164   0.003       0   0.000  0.000 write
22:35:53   1981   0.002       0   0.000  0.000 write
22:35:54   2372   0.005       0   0.000  0.000 pread64
22:35:55   2282   0.004       0   0.000  0.000 write
22:35:56   2349   0.004       0   0.000  0.000 write
22:35:57   2249   0.004       0   0.000  0.000 write
22:35:58   2404   0.007       0   0.000  0.001 ioctl
22:35:59   8268   0.170      63   0.017  0.009 socket
22:36:00  11073   0.181       3   0.001  0.000 fsync
22:36:01  68755   1.848       3   0.002  0.001 fsync
22:36:02  68049   1.848       3   0.002  0.002 fsync
22:36:03  56757   1.138       3   0.002  0.001 fsync
22:36:04  53982   0.994       3   0.002  0.001 fsync
22:36:05  52472   0.903       3   0.002  0.001 fsync
22:36:06  18304   0.187       3   0.002  0.001 fsync
22:36:07  13756   0.117       3   0.002  0.001 fsync
22:36:08  24958   0.325       0   0.000  0.001 ioctl
22:36:09  42331   0.644       3   0.002  0.001 fsync
22:36:10  42984   0.692       3   0.002  0.002 fsync
22:36:11  54364   1.233       3   0.002  0.002 fsync
22:36:12  65641   1.661       3   0.002  0.002 fsync
22:36:13  65648   1.992       3   0.003  0.002 fsync
22:36:14  58096   1.447       3   0.002  0.002 fsync
22:36:15  57065   1.260       3   0.002  0.002 fsync
22:36:16  55507   1.141       3   0.002  0.002 fsync
22:36:17  23747   0.299       3   0.002  0.002 fsync
22:36:18  13692   0.122       3   0.002  0.001 fsync
22:36:19  15413   0.153       3   0.002  0.001 fsync
22:36:20  43244   0.746       3   0.002  0.001 fsync
22:36:21  41169   0.658       3   0.002  0.002 fsync
22:36:22  42017   0.670       3   0.002  0.001 fsync
22:36:23  56400   1.504       3   0.002  0.002 fsync
22:36:24  62314   1.277       3   0.002  0.002 fsync
22:36:25  62231   1.367       3   0.001  0.002 write
22:36:26  63030   2.816       3   0.002  0.002 openat
22:36:27  46105   1.185       0   0.000  0.000 write
22:36:28  64626   1.819       3   0.002  0.002 fsync
22:36:29  47988   1.127       3   0.003  0.002 fsync
22:36:30  32274   1.328       3   0.002  0.012 openat
22:36:31  12284   0.119       3   0.002  0.001 fsync
22:36:32  12281   0.123       3   0.002  0.001 fsync
22:36:33  22802   0.499       3   0.002  0.001 ioctl
22:36:34  34209   0.675       3   0.002  0.001 fsync
22:36:35  43993   1.434      13   0.005  0.001 fsync
22:36:36  51853   2.085       0   0.000  0.000 write
22:36:37  54024   3.394       0   0.000  0.001 ioctl
22:36:38  53961   3.193       0   0.000  0.003 pread64
22:36:39  54025   3.214       4   0.021  0.020 fsync
22:36:40  53941   3.146       0   0.000  0.001 write
22:36:41  54884   3.985       0   0.000  0.000 write
22:36:42  54296   3.461       0   0.000  0.000 openat
22:36:43  54146   3.340       0   0.000  0.000 openat
22:36:44  54036   3.310       5   0.007  0.006 fsync
22:36:45  50927   2.340       0   0.000  0.000 write
22:36:46  44066   1.039       4   0.012  0.011 fsync
22:36:47  44030   0.982       1   0.019  0.019 fsync
22:36:48  40434   0.959       4   0.015  0.014 fsync
22:36:49  44173   1.185       0   0.000  0.000 write
22:36:50  46211   1.285       0   0.000  0.000 write
22:36:51  46620   1.298       0   0.000  0.002 write
22:36:52  50913   1.548       0   0.000  0.002 pread64
22:36:53  53371   1.663       0   0.000  0.000 write
22:36:54  53068   1.666       0   0.000  0.001 pread64
22:36:55  53069   1.835       0   0.000  0.000 write
22:36:56  56592   3.074       0   0.000  0.002 openat
22:36:57  54640   2.874       0   0.000  0.000 access
22:36:58  54408   2.856       0   0.000  0.000 close
22:36:59  53775   2.547       0   0.000  0.001 openat
22:37:00  40761   0.961       0   0.000  0.000 openat
22:37:01  32185   0.506       0   0.000  0.000 write
22:37:02  33709   0.571       0   0.000  0.000 write
22:37:03  34322   0.681       0   0.000  0.000 openat
22:37:04  46154   1.229       0   0.000  0.000 write
22:37:05  46724   1.250       0   0.000  0.000 write
22:37:06  47848   1.370       0   0.000  0.010 write
22:37:07  52285   2.132       0   0.000  0.000 write
22:37:08  52100   1.933       0   0.000  0.000 write
22:37:09  52139   1.881       0   0.000  0.000 write
22:37:10  51679   2.064       2   0.071  0.166 unlink
22:37:11  53606   2.358       3   0.003  0.002 fsync
22:37:12  54071   2.141       3   0.003  0.002 fsync
22:37:13  50436   1.618       3   0.002  0.002 fsync
22:37:14  35652   0.714       0   0.000  0.000 openat
22:37:15  15200   0.189       3   0.002  0.001 fsync
22:37:16  16222   0.206       3   0.002  0.001 fsync
22:37:17   9667   0.112       3   0.002  0.001 fsync
22:37:18  30539   0.548       3   0.002  0.001 fsync
22:37:19  33070   0.595       3   0.002  0.001 fsync
22:37:20  36471   0.816       3   0.002  0.001 fsync
22:37:21  42715   1.015       3   0.002  0.001 fsync
22:37:22  42591   1.073       3   0.002  0.002 fsync
22:37:23  42281   0.983       3   0.002  0.001 fsync
22:37:24  47789   1.512       3   0.002  0.002 fsync
22:37:25  52216   2.083       3   0.003  0.002 fsync
22:37:26  53893   2.333       3   0.002  0.010 write
22:37:27  47831   1.258       3   0.002  0.002 write
22:37:28  45180   1.095       3   0.002  0.002 fsync
22:37:29  18737   0.261       3   0.002  0.001 fsync
22:37:30  17850   0.228       3   0.002  0.001 fsync
22:37:31  10184   0.123       3   0.002  0.001 fsync
22:37:32  28583   0.593       3   0.002  0.001 fsync
22:37:33  36655   0.692       0   0.000  0.000 write
22:37:34  41803   0.868       3   0.002  0.001 fsync
22:37:35  47142   1.231       3   0.002  0.001 fsync
22:37:36  47041   1.134       3   0.002  0.002 fsync
22:37:37  55013   1.823       3   0.002  0.002 fsync
22:37:38  53833   1.942       3   0.003  0.002 fsync
22:37:39  51327   1.908       3   0.003  0.002 fsync
22:37:40  47542   1.249       3   0.002  0.002 fsync
22:37:41  47485   1.245       3   0.002  0.002 fsync
22:37:42  25961   0.428       3   0.002  0.002 fsync
22:37:43  16460   0.183       3   0.002  0.001 fsync
22:37:44  10788   0.117       3   0.002  0.001 fsync
22:37:45  22658   0.363       3   0.002  0.001 fsync
22:37:46  37387   0.745       3   0.002  0.001 fsync
22:37:47  41768   0.898       3   0.002  0.001 fsync
22:37:48  47068   1.258       3   0.002  0.002 fsync
22:37:49  50770   1.810       3   0.002  0.002 fsync
22:37:50  53805   2.169       3   0.003  0.002 fsync
22:37:51  53527   2.083       1   0.002  0.002 fsync
22:37:52  49629   1.692       2   0.001  0.000 access
22:37:53  47578   1.166       3   0.003  0.002 fsync
22:37:54  47852   1.272       3   0.002  0.002 fsync
22:37:55  29703   0.511       3   0.002  0.002 fsync
22:37:56  13034   0.170       3   0.002  0.010 write
22:37:57  11223   0.120       3   0.001  0.002 openat
22:37:58  15350   0.208       3   0.001  0.001 fsync
22:37:59  38495   0.823       3   0.002  0.001 fsync
22:38:00  46234   1.209       3   0.002  0.002 fsync
22:38:01  48522   2.005       3   0.002  0.001 fsync
22:38:02  53487   3.945       3   0.002  0.002 fsync
22:38:03  56102   4.563       3   0.002  0.002 fsync
22:38:04  56258   4.944       3   0.003  0.002 fsync
22:38:05  55944   4.723       0   0.000  0.000 write
22:38:06  55943   4.873       3   0.003  0.002 fsync
22:38:07  56034   4.837       3   0.002  0.002 fsync
22:38:08  55529   5.389       3   0.003  0.002 fsync
22:38:09  55803   6.017       3   0.003  0.002 fsync
22:38:10  58281   5.718       3   0.003  0.002 fsync
22:38:11  58765   6.561       0   0.000  0.001 write
22:38:12  56697   5.282       3   0.003  0.002 fsync
22:38:13  57024   5.068       3   0.003  0.002 fsync
22:38:14  57147   4.792       3   0.003  0.002 fsync
22:38:15  56972   5.053       0   0.000  0.000 openat
22:38:16  56340   4.779       3   0.003  0.002 fsync
22:38:17  56633   4.089       3   0.003  0.002 fsync
22:38:18  54880   4.961       3   0.003  0.002 fsync
22:38:19  55855   4.757       0   0.000  0.000 openat
22:38:20  55411   4.500       3   0.003  0.002 fsync
22:38:21  55808   4.527       3   0.003  0.002 fsync
22:38:22  54656   4.218       0   0.000  0.000 write
22:38:23  56964   4.381       3   0.003  0.002 fsync
22:38:24  56679   4.515       3   0.003  0.002 fsync
22:38:25  54829   4.152       3   0.002  0.002 fsync
22:38:26  53159   3.262       0   0.000  0.002 openat
22:38:27  56202   4.665       3   0.002  0.002 openat
22:38:28  54717   4.641       3   0.003  0.002 fsync
22:38:29  54506   3.976       3   0.002  0.002 fsync
22:38:30  55858   4.831       0   0.000  0.000 openat
22:38:31  56638   4.762       3   0.003  0.002 fsync
22:38:32  56293   4.331       3   0.003  0.002 fsync
22:38:33  55689   4.200       3   0.003  0.002 fsync
22:38:34  56677   4.244       0   0.000  0.000 openat
22:38:35  56018   4.485       3   0.003  0.002 fsync
22:38:36  56013   4.096       3   0.003  0.002 fsync
22:38:37  57179   4.599       0   0.000  0.001 openat
22:38:38  56308   4.352       3   0.003  0.002 fsync
22:38:39  56426   5.452       7   0.006  0.002 fsync
22:38:40  54925   4.625       3   0.003  0.002 fsync
22:38:41  53844   3.491       1   0.001  0.001 fsync
22:38:42  55853   4.905       5   0.004  0.002 fsync
22:38:43  55288   4.243       1   0.001  0.001 fsync
22:38:44  54501   4.228       6   0.005  0.002 fsync
22:38:45  55513   4.729       2   0.002  0.002 fsync
22:38:46  55181   4.316       4   0.003  0.001 fsync
22:38:47  56984   5.590       0   0.000  0.001 access
22:38:48  54311   3.798       6   0.005  0.002 fsync
22:38:49  56334   4.875       4   0.004  0.002 fsync
22:38:50  56570   4.774       2   0.001  0.001 fsync
22:38:51  55424   4.247       0   0.000  0.001 access
22:38:52  56112   4.827       6   0.008  0.003 fsync
22:38:53  55583   4.324       0   0.000  0.001 openat
22:38:54  55600   4.179       3   0.003  0.002 fsync
22:38:55  54427   4.268       6   0.004  0.001 fsync
22:38:56  53753   4.650       1   0.001  0.001 fsync
22:38:57  56700   5.857       2   0.002  0.007 write
22:38:58  54640   4.444       3   0.003  0.001 fsync
22:38:59  53699   3.885       5   0.004  0.002 fsync
22:39:00  54279   3.789       5   0.003  0.001 fsync
22:39:01  56942   5.158      20   0.010  0.001 fsync
22:39:02  53614   3.399       5   0.003  0.001 fsync
22:39:03  46490   2.034       7   0.020  0.017 fsync
22:39:04  32265   0.474      22   0.026  0.019 fsync
22:39:05  32252   0.479      11   0.023  0.019 fsync
22:39:06  32822   0.546      13   0.019  0.014 fsync
22:39:07  33116   0.576      25   0.038  0.018 fsync
22:39:08  30052   0.470       5   0.016  0.014 fsync
22:39:09  30712   0.527       8   0.020  0.018 fsync
22:39:10  33665   0.568       7   0.020  0.018 fsync
22:39:11  29438   0.490       3   0.019  0.018 fsync
22:39:12  29510   0.454       2   0.018  0.018 fsync
22:39:13  28258   0.452       2   0.018  0.018 fsync
22:39:14  29209   0.459       1   0.018  0.018 fsync
22:39:15  28508   0.471       3   0.019  0.019 fsync
22:39:16  28390   0.455       2   0.019  0.018 fsync
22:39:17  31430   0.462       2   0.018  0.018 fsync
22:39:18  28370   0.452       1   0.018  0.018 fsync
22:39:19  27997   0.459       2   0.019  0.018 fsync
22:39:20  28372   0.458       5   0.019  0.018 fsync
22:39:21  28856   0.463       5   0.025  0.018 fsync
22:39:22  32145   0.462       5   0.016  0.015 fsync
22:39:23  28061   0.464       6   0.020  0.018 fsync
22:39:24  27935   0.460       5   0.024  0.018 fsync
22:39:25  29008   0.454       6   0.019  0.018 fsync
22:39:26  29151   0.456       6   0.020  0.018 fsync
22:39:27  28873   0.441       1   0.000  0.000 fsync
22:39:28  30904   0.472      10   0.039  0.018 fsync
22:39:29  32815   0.472       6   0.020  0.019 fsync
22:39:30  28446   0.466       6   0.020  0.019 fsync
22:39:31  24246   0.395       5   0.019  0.018 fsync
22:39:32   4407   0.075       1   0.000  0.000 fsync
22:39:33   4419   0.075       1   0.000  0.000 writev
22:39:34   4354   0.075       1   0.000  0.000 writev
22:39:35   4320   0.074       0   0.000  0.000 writev
22:39:36   4385   0.074       1   0.000  0.000 fsync
22:39:37   4392   0.074       1   0.000  0.000 fsync
22:39:38   4252   0.071       0   0.000  0.000 writev
22:39:39   4431   0.075       1   0.000  0.000 fsync
22:39:40   4401   0.075       1   0.000  0.000 fsync
22:39:41   4233   0.072       0   0.000  0.000 writev
22:39:42   4395   0.076       1   0.000  0.000 writev
22:39:43   4435   0.076       1   0.000  0.000 writev
22:39:44   4361   0.066       1   0.000  0.000 writev
22:39:45   4267   0.062       0   0.000  0.000 writev
22:39:46   3974   0.063       1   0.000  0.001 madvise
22:39:47   4360   0.064       1   0.000  0.000 fsync
22:39:48   4253   0.062       0   0.000  0.000 writev
22:39:49   4433   0.064       1   0.000  0.000 fsync
22:39:50   4396   0.072       1   0.000  0.000 writev
22:39:51   4394   0.072       1   0.000  0.000 fsync
22:39:52   4209   0.067       0   0.000  0.000 writev
22:39:53   8322   0.129       2   0.001  0.000 fsync
22:39:54  30862   0.520      23   0.008  0.001 fsync
22:39:55  29206   0.479       4   0.020  0.019 fsync
22:39:56  27305   0.451       8   0.022  0.020 fsync
22:39:57  27895   0.457       2   0.020  0.019 fsync
22:39:58  27458   0.443       4   0.015  0.015 fsync
22:39:59  27625   0.461       3   0.033  0.019 fsync
22:40:00  27337   0.445       4   0.001  0.004 close
22:40:01  25168   0.504       1   0.095  0.095 fsync
22:40:02  30735   0.613       6   0.102  0.100 fsync
22:40:03  28403   0.559       6   0.103  0.100 fsync
22:40:04  25965   0.540       2   0.101  0.100 fsync
22:40:05  25742   0.531       5   0.102  0.101 fsync
22:40:06  26935   0.414       1   0.000  0.000 writev
22:40:07  28063   0.533       2   0.101  0.101 fsync
22:40:08  26498   0.508       1   0.100  0.100 fsync
22:40:09  28727   0.498       2   0.100  0.099 fsync
22:40:10  25351   0.494       2   0.100  0.100 fsync
22:40:11  28692   0.575       4   0.103  0.100 fsync
22:40:12  28765   0.618      23   0.149  0.100 fsync
22:40:13  25589   0.537       6   0.101  0.100 fsync
22:40:14  27071   0.507       2   0.100  0.100 fsync
22:40:15  30066   0.462       5   0.034  0.033 fsync
22:40:16  27486   0.488       5   0.078  0.077 fsync
22:40:17  25884   0.500       5   0.101  0.100 fsync
22:40:18  24990   0.523       6   0.134  0.100 fsync
22:40:19  29429   0.505       6   0.101  0.100 fsync
22:40:20  26956   0.510       6   0.102  0.100 fsync
22:40:21  30109   0.523       5   0.101  0.100 fsync
22:40:22  28199   0.553       8   0.102  0.099 fsync
22:40:23  33109   0.630      11   0.105  0.099 fsync
22:40:24  31374   0.496       2   0.001  0.001 fsync
22:40:25  26864   0.517       6   0.102  0.100 fsync
22:40:26  25688   0.494       6   0.102  0.100 fsync
22:40:27  25672   0.487       1   0.100  0.100 fsync
22:40:28  25388   0.487       2   0.100  0.100 fsync
22:40:29  30553   0.618      23   0.119  0.101 fsync
22:40:30  28513   0.546       3   0.102  0.100 fsync
22:40:31  28168   0.448       1   0.000  0.000 fsync
22:40:32  25989   0.511       2   0.101  0.100 fsync
22:40:33  25677   0.493       1   0.100  0.100 fsync
22:40:34  25995   0.496       2   0.100  0.100 fsync
22:40:35  25894   0.498       2   0.101  0.100 fsync
22:40:36  26866   0.496       2   0.101  0.100 fsync
22:40:37  26721   0.495       1   0.101  0.101 fsync
22:40:38  26472   0.518       2   0.101  0.101 fsync
22:40:39  29862   0.581      10   0.104  0.100 fsync
22:40:40  25674   0.427       1   0.000  0.005 close
22:40:41  25551   0.466       2   0.100  0.099 fsync
22:40:42  24976   0.464       6   0.101  0.100 fsync
22:40:43  25350   0.462       1   0.100  0.100 fsync
22:40:44  25813   0.461       5   0.083  0.082 fsync
22:40:45  25425   0.441       5   0.079  0.078 fsync
22:40:46  24621   0.455       2   0.100  0.099 fsync
22:40:47  24560   0.451       1   0.100  0.100 fsync
22:40:48  25220   0.455       2   0.100  0.100 fsync
22:40:49  24903   0.456       2   0.101  0.100 fsync
22:40:50  25260   0.451       1   0.101  0.101 fsync
22:40:51  25554   0.455       2   0.101  0.100 fsync
22:40:52  25981   0.456       2   0.101  0.101 fsync
22:40:53  25930   0.455       1   0.100  0.100 fsync
22:40:54  27289   0.378       1   0.000  0.000 fsync
22:40:55  26565   0.472       2   0.101  0.101 fsync
22:40:56  26053   0.459       2   0.101  0.100 fsync
22:40:57  26110   0.457       1   0.100  0.100 fsync
22:40:58  27474   0.490       5   0.102  0.101 fsync
22:40:59  26974   0.474       6   0.101  0.100 fsync
22:41:00  26354   0.450       4   0.078  0.077 fsync
22:41:01  26886   0.481       6   0.111  0.100 fsync
22:41:02  26368   0.467       6   0.101  0.100 fsync
22:41:03  26075   0.469       6   0.101  0.100 fsync
22:41:04  25866   0.446       5   0.101  0.100 fsync
22:41:05   9414   0.226       6   0.102  0.100 fsync
22:41:06   1729   0.006       1   0.000  0.000 fsync
22:41:07   1572   0.004       0   0.000  0.000 writev
22:41:08   2656   0.014      10   0.003  0.000 fsync
22:41:09   2689   0.010       6   0.002  0.000 fsync
22:41:10   4014   0.035       4   0.001  0.000 fsync
22:41:11   1852   0.003       2   0.001  0.000 fsync
22:41:12   2357   0.010       9   0.003  0.000 fsync
22:41:13   2090   0.006       3   0.001  0.000 fsync
22:41:14  16643   0.318      30   0.010  0.021 openat
22:41:15  40325   0.771       3   0.001  0.000 fsync
22:41:16  40547   0.918       9   0.111  0.100 fsync
22:41:17  39290   0.822       5   0.101  0.100 fsync
22:41:18  38356   0.870       6   0.153  0.101 fsync
22:41:19  39872   0.794       0   0.000  0.000 writev
22:41:20  35100   1.853       4   1.173  0.471 fsync
22:41:21  42264   1.181       4   0.282  0.281 fsync
22:41:22  22207   0.519       3   0.102  0.101 fsync
