22:35:25   1017   0.003       0   0.000  0.001 ioctl
22:35:26   2409   0.276       6   0.002  0.260 socket
22:35:27   2014   0.002       0   0.000  0.000 write
22:35:28   2082   0.004       0   0.000  0.001 ioctl
22:35:29   2061   0.002       0   0.000  0.000 clone3
22:35:30   2049   0.002       0   0.000  0.000 clone3
22:35:31   2019   0.002       0   0.000  0.000 clone3
22:35:32   2076   0.002       0   0.000  0.000 write
22:35:33   2026   0.002       0   0.000  0.000 write
22:35:34   2059   0.002       0   0.000  0.000 write
22:35:35   2042   0.002       0   0.000  0.000 write
22:35:36   2029   0.002       0   0.000  0.000 write
22:35:37   2068   0.002       0   0.000  0.000 write
22:35:38   2025   0.002       0   0.000  0.000 write
22:35:39   2050   0.002       0   0.000  0.000 fstat
22:35:40   2064   0.002       0   0.000  0.000 write
22:35:41   2014   0.002       0   0.000  0.000 write
22:35:42   2019   0.002       0   0.000  0.000 write
22:35:43   2028   0.002       0   0.000  0.000 write
22:35:44   2059   0.002       0   0.000  0.000 write
22:35:45   2020   0.002       0   0.000  0.000 write
22:35:46   2072   0.002       0   0.000  0.000 write
22:35:47   2015   0.002       0   0.000  0.000 write
22:35:48   2034   0.002       0   0.000  0.000 write
22:35:49   2042   0.002       0   0.000  0.000 write
22:35:50   2027   0.002       0   0.000  0.000 write
22:35:51   2035   0.002       0   0.000  0.000 write
22:35:52   2053   0.002       0   0.000  0.000 write
22:35:53   2025   0.002       0   0.000  0.000 write
22:35:54   2077   0.002       0   0.000  0.000 write
22:35:55   2022   0.002       0   0.000  0.000 write
22:35:56   2047   0.002       0   0.000  0.000 fstat
22:35:57   2053   0.002       0   0.000  0.000 write
22:35:58   2022   0.002       0   0.000  0.000 write
22:35:59  16389   0.154     105   0.027  0.001 ioctl
22:36:00  59463   0.663       7   0.020  0.018 fsync
22:36:01  60870   0.887       8   0.021  0.019 fsync
22:36:02  61797   0.896       7   0.020  0.018 fsync
22:36:03  65474   1.969       6   0.002  0.001 fsync
22:36:04  69221   2.476       7   0.021  0.018 fsync
22:36:05  67846   2.708       6   0.003  0.001 fsync
22:36:06  68232   3.632       6   0.004  0.001 fsync
22:36:07  68157   3.335       6   0.004  0.001 fsync
22:36:08  67984   4.054       4   0.021  0.020 fsync
22:36:09  67164   3.344      10   0.011  0.007 fsync
22:36:10  67220   3.415       6   0.004  0.001 fsync
22:36:11  64057   2.618       6   0.004  0.001 fsync
22:36:12  56840   0.916       7   0.021  0.018 fsync
22:36:13  57945   1.085       7   0.021  0.018 fsync
22:36:14  65268   2.145       6   0.004  0.001 fsync
22:36:15  65403   2.277       7   0.058  0.038 fsync
22:36:16  65608   2.437       6   0.004  0.001 fsync
22:36:17  66862   3.423       6   0.004  0.001 fsync
22:36:18  66721   3.277       6   0.004  0.001 fsync
22:36:19  66732   3.458       4   0.020  0.018 fsync
22:36:20  66450   4.813       6   0.004  0.001 fsync
22:36:21  65646   3.244       6   0.004  0.001 fsync
22:36:22  65537   3.180       6   0.004  0.001 fsync
22:36:23  64868   2.814       7   0.022  0.018 fsync
22:36:24  56546   0.913       7   0.020  0.018 fsync
22:36:25  55880   0.919       6   0.002  0.001 fsync
22:36:26  64047   2.325       7   0.021  0.018 fsync
22:36:27  63064   1.967       3   0.001  0.001 write
22:36:28  66381   2.698       7   0.022  0.018 fsync
22:36:29  66395   3.362       6   0.004  0.001 openat
22:36:30  60899   5.312       6   0.004  0.002 ioctl
22:36:31  58597   3.270       6   0.004  0.001 fsync
22:36:32  58573   3.257       6   0.004  0.001 fsync
22:36:33  57015   4.501       7   0.021  0.019 openat
22:36:34  54437   3.473       6   0.004  0.001 fsync
22:36:35  54278   3.156       3   0.002  0.001 fsync
22:36:36  54138   3.086       0   0.000  0.000 write
22:36:37  51528   2.303       1   0.020  0.020 fsync
22:36:38  45930   0.971       0   0.000  0.000 write
22:36:39  45497   1.008       1   0.020  0.020 fsync
22:36:40  45555   0.972       4   0.020  0.019 fsync
22:36:41  49120   1.568       0   0.000  0.000 write
22:36:42  50615   1.916       5   0.021  0.020 fsync
22:36:43  47099   1.412       0   0.000  0.000 openat
22:36:44  47317   1.350       0   0.000  0.000 write
22:36:45  53704   3.275       0   0.000  0.000 write
22:36:46  53375   2.845       0   0.000  0.000 write
22:36:47  53397   2.776       0   0.000  0.000 write
22:36:48  53266   2.818       0   0.000  0.000 write
22:36:49  52223   2.365       0   0.000  0.001 access
22:36:50  51784   1.969       0   0.000  0.000 write
22:36:51  52650   1.915       0   0.000  0.000 write
22:36:52  50638   1.648       0   0.000  0.002 access
22:36:53  33985   0.540       0   0.000  0.000 write
22:36:54  32386   0.484       0   0.000  0.000 write
22:36:55  33781   0.536       0   0.000  0.000 write
22:36:56  38645   0.925       0   0.000  0.000 write
22:36:57  49272   1.433       0   0.000  0.002 pread64
22:36:58  50166   1.515       0   0.000  0.000 write
22:36:59  52418   1.945       0   0.000  0.000 write
22:37:00  54951   3.113       0   0.000  0.000 write
22:37:01  54508   2.773       0   0.000  0.001 write
22:37:02  54530   2.887       0   0.000  0.000 write
22:37:03  49039   2.064       2   0.014  0.160 unlink
22:37:04  43899   1.101       0   0.000  0.000 openat
22:37:05  42840   1.024       0   0.000  0.000 write
22:37:06  41966   1.005       0   0.000  0.000 write
22:37:07  32195   0.684       0   0.000  0.000 openat
22:37:08  11835   0.128       0   0.000  0.000 openat
22:37:09  10965   0.118       0   0.000  0.000 write
22:37:10  13587   0.168       0   0.000  0.000 openat
22:37:11  26604   0.582       3   0.006  0.005 fsync
22:37:12  41658   0.889       3   0.002  0.002 fsync
22:37:13  43229   1.001       3   0.002  0.001 fsync
22:37:14  53550   2.044       0   0.000  0.000 write
22:37:15  53950   2.175       3   0.002  0.002 fsync
22:37:16  52961   2.091       3   0.002  0.002 fsync
22:37:17  43129   1.101       3   0.002  0.002 fsync
22:37:18  43847   1.237       3   0.002  0.002 fsync
22:37:19  42502   0.958       3   0.002  0.002 fsync
22:37:20  40909   1.067       3   0.002  0.002 fsync
22:37:21  36247   0.677       3   0.002  0.002 fsync
22:37:22  16122   0.202       3   0.002  0.001 fsync
22:37:23  10929   0.113       3   0.002  0.001 fsync
22:37:24  14858   0.191       3   0.002  0.001 fsync
22:37:25  17455   0.259       3   0.002  0.001 fsync
22:37:26  39588   0.849       3   0.002  0.002 fsync
22:37:27  43566   1.032       3   0.001  0.000 fsync
22:37:28  53435   2.150       3   0.002  0.002 openat
22:37:29  53943   2.186       3   0.002  0.002 fsync
22:37:30  54480   2.350       3   0.002  0.002 fsync
22:37:31  48619   1.515       3   0.002  0.002 fsync
22:37:32  47658   1.612       3   0.002  0.002 fsync
22:37:33  44673   1.071       0   0.000  0.000 write
22:37:34  41749   0.863       3   0.002  0.002 fsync
22:37:35  35759   0.722       3   0.002  0.002 fsync
22:37:36  14442   0.163       3   0.002  0.002 fsync
22:37:37  18448   0.238       3   0.002  0.001 fsync
22:37:38  12048   0.154       3   0.002  0.001 fsync
22:37:39  35247   0.710       3   0.002  0.001 fsync
22:37:40  44087   1.044       3   0.002  0.002 fsync
22:37:41  51774   1.831       3   0.002  0.002 fsync
22:37:42  54314   2.524       3   0.003  0.002 fsync
22:37:43  53903   2.283       3   0.002  0.002 fsync
22:37:44  50221   1.764       3   0.002  0.002 fsync
22:37:45  47860   1.410       3   0.002  0.002 fsync
22:37:46  42537   1.022       3   0.002  0.002 fsync
22:37:47  41687   0.870       3   0.002  0.002 fsync
22:37:48  38561   0.818       3   0.002  0.002 fsync
22:37:49  22148   0.338       3   0.002  0.001 fsync
22:37:50  15567   0.186       3   0.002  0.001 fsync
22:37:51  11216   0.131       0   0.000  0.000 write
22:37:52  32838   0.651       3   0.002  0.001 fsync
22:37:53  45868   1.052       3   0.002  0.001 fsync
22:37:54  51097   1.707       3   0.002  0.002 fsync
22:37:55  54482   2.507       3   0.003  0.002 fsync
22:37:56  54347   3.072      10   0.005  0.002 fsync
22:37:57  54231   3.364       6   0.004  0.002 fsync
22:37:58  54516   3.614       6   0.004  0.002 openat
22:37:59  54502   3.311       6   0.004  0.002 openat
22:38:00  54182   3.215       6   0.004  0.001 fsync
22:38:01  55433   4.915       4   0.004  0.002 fsync
22:38:02  56495   6.825       6   0.005  0.001 fsync
22:38:03  56272   5.710       6   0.004  0.001 fsync
22:38:04  55491   4.895       6   0.004  0.001 fsync
22:38:05  55043   4.506       3   0.002  0.001 fsync
22:38:06  54671   4.446       7   0.022  0.018 fsync
22:38:07  54933   4.462       6   0.003  0.001 fsync
22:38:08  55207   5.292       3   0.002  0.001 fsync
22:38:09  55567   6.225       6   0.004  0.001 fsync
22:38:10  57324   7.481       6   0.005  0.001 fsync
22:38:11  57357   8.413       3   0.003  0.002 fsync
22:38:12  57566   8.371       7   0.007  0.003 fsync
22:38:13  57733   8.437       3   0.002  0.001 fsync
22:38:14  57567   8.410       6   0.005  0.001 fsync
22:38:15  57377   8.404       3   0.003  0.001 fsync
22:38:16  57353   8.458       6   0.005  0.002 fsync
22:38:17  57378   8.368       6   0.004  0.002 fsync
22:38:18  57411   8.432       3   0.003  0.002 fsync
22:38:19  57477   8.365       3   0.002  0.001 fsync
22:38:20  57438   8.373       6   0.005  0.002 fsync
22:38:21  57433   8.367       6   0.007  0.002 fsync
22:38:22  57347   8.389       3   0.003  0.002 fsync
22:38:23  57317   8.348       3   0.003  0.001 fsync
22:38:24  57354   8.369       6   0.005  0.002 fsync
22:38:25  57344   8.423       7   0.009  0.005 fsync
22:38:26  57393   8.398       3   0.003  0.002 write
22:38:27  57440   8.405       6   0.005  0.001 fsync
22:38:28  57319   8.428       6   0.004  0.003 write
22:38:29  57275   8.404       3   0.003  0.002 fsync
22:38:30  57203   8.369       3   0.002  0.003 write
22:38:31  57171   8.363       6   0.004  0.002 fsync
22:38:32  57179   8.414       6   0.005  0.002 fsync
22:38:33  57170   8.409       2   0.003  0.002 fsync
22:38:34  57229   8.350       4   0.002  0.001 fsync
22:38:35  57094   8.400       6   0.004  0.002 fsync
22:38:36  57140   8.357       6   0.005  0.002 fsync
22:38:37  57268   8.395       3   0.003  0.002 fsync
22:38:38  57204   8.391       7   0.010  0.005 fsync
22:38:39  57252   8.582       5   0.003  0.001 fsync
22:38:40  57184   9.044       0   0.000  0.000 openat
22:38:41  57231   9.090       3   0.004  0.002 fsync
22:38:42  56844   8.758       9   0.006  0.002 fsync
22:38:43  56758   9.057       6   0.005  0.002 fsync
22:38:44  56689   9.093       3   0.003  0.004 munmap
22:38:45  56711   9.099       0   0.000  0.000 openat
22:38:46  56601   9.027       1   0.002  0.002 fsync
22:38:47  56701   9.031       6   0.005  0.003 munmap
22:38:48  56683   9.061       2   0.003  0.002 fsync
22:38:49  56508   9.045       4   0.004  0.002 fsync
22:38:50  56578   9.077       3   0.003  0.002 fsync
22:38:51  56580   9.100       9   0.012  0.006 fsync
22:38:52  56668   9.122      15   0.009  0.001 fsync
22:38:53  56615   9.074       2   0.002  0.002 fsync
22:38:54  56577   9.059       5   0.004  0.002 fsync
22:38:55  56562   9.110       3   0.003  0.002 fsync
22:38:56  56542   9.105       6   0.005  0.002 fsync
22:38:57  56568   9.141       2   0.002  0.002 fsync
22:38:58  56543   9.108       6   0.004  0.002 fsync
22:38:59  56485   8.960       0   0.000  0.003 close
22:39:00  56396   9.015       0   0.000  0.003 write
22:39:01  56625   8.232      13   0.009  0.003 fsync
22:39:02  56034   5.418      28   0.018  0.005 fsync
22:39:03  53456   3.670      15   0.008  0.004 munmap
22:39:04  48745   0.995      20   0.025  0.018 fsync
22:39:05  49242   1.049      30   0.013  0.004 munmap
22:39:06  50951   1.146       8   0.036  0.018 fsync
22:39:07  49899   1.133      11   0.006  0.001 fsync
22:39:08  42180   0.742       1   0.018  0.018 fsync
22:39:09  41945   0.723       1   0.018  0.018 fsync
22:39:10  41838   0.721       4   0.018  0.018 fsync
22:39:11  42873   0.707       0   0.000  0.000 write
22:39:12  42863   0.734       1   0.018  0.018 fsync
22:39:13  42049   0.730       1   0.018  0.018 fsync
22:39:14  43908   0.866      25   0.027  0.018 fsync
22:39:15  51109   1.147      10   0.005  0.004 munmap
22:39:16  47254   1.056       1   0.018  0.018 fsync
22:39:17  43233   0.742       1   0.018  0.018 fsync
22:39:18  44012   0.735       3   0.019  0.018 fsync
22:39:19  45192   0.709       2   0.000  0.000 fsync
22:39:20  45404   0.732       1   0.018  0.018 fsync
22:39:21  42555   0.728       1   0.018  0.018 fsync
22:39:22  41898   0.737       1   0.020  0.020 fsync
22:39:23  43760   0.729       4   0.007  0.006 fsync
22:39:24  42407   0.723       1   0.019  0.019 fsync
22:39:25  42343   0.719       1   0.019  0.019 fsync
22:39:26  42749   0.710       0   0.000  0.000 pread64
22:39:27  42597   0.719       1   0.018  0.018 fsync
22:39:28  42829   0.719       1   0.020  0.020 fsync
22:39:29  45191   0.735       1   0.020  0.020 fsync
22:39:30  36346   0.854       3   0.113  0.182 unlink
22:39:31  27262   0.368       1   0.019  0.019 fsync
22:39:32  25794   0.418       1   0.094  0.094 fsync
22:39:33  25613   0.325       0   0.000  0.000 write
22:39:34  28412   0.462       1   0.099  0.099 fsync
22:39:35  29055   0.399       1   0.104  0.104 fsync
22:39:36  28631   0.431       1   0.100  0.100 fsync
22:39:37  27612   0.428       1   0.103  0.103 fsync
22:39:38  26167   0.416       1   0.099  0.099 fsync
22:39:39  26369   0.419       1   0.104  0.104 fsync
22:39:40  26542   0.416       1   0.099  0.099 fsync
22:39:41  26395   0.420       1   0.104  0.104 fsync
22:39:42  27506   0.419       1   0.100  0.100 fsync
22:39:43  27313   0.421       1   0.104  0.104 fsync
22:39:44  27816   0.417       1   0.100  0.100 fsync
22:39:45  27131   0.419       1   0.100  0.100 fsync
22:39:46  26851   0.419       1   0.100  0.100 fsync
22:39:47  29477   0.419       1   0.100  0.100 fsync
22:39:48  27567   0.418       1   0.100  0.100 fsync
22:39:49  27414   0.425       1   0.100  0.100 fsync
22:39:50  27775   0.427       1   0.100  0.100 fsync
22:39:51  26888   0.439       4   0.117  0.100 fsync
22:39:52  28766   0.383       1   0.000  0.005 close
22:39:53  28145   0.432       1   0.099  0.099 fsync
22:39:54  27108   0.507      25   0.178  0.099 fsync
22:39:55  44215   0.736      10   0.018  0.007 munmap
22:39:56  48279   0.661       4   0.136  0.100 fsync
22:39:57  28171   0.437       1   0.100  0.100 fsync
22:39:58  28121   0.428       1   0.100  0.100 fsync
22:39:59  28746   0.400       4   0.052  0.051 fsync
22:40:00  26865   0.430       1   0.100  0.100 fsync
22:40:01  26827   0.432       5   0.101  0.099 fsync
22:40:02  27976   0.429       1   0.100  0.100 fsync
22:40:03  27287   0.432       1   0.100  0.100 fsync
22:40:04  41930   0.725      31   0.078  0.062 fsync
22:40:05  42553   0.731       9   0.162  0.100 fsync
22:40:06  33136   0.439       1   0.100  0.100 fsync
22:40:07  26810   0.430       4   0.099  0.098 fsync
22:40:08  27004   0.425       1   0.100  0.100 fsync
22:40:09  29230   0.422       1   0.100  0.100 fsync
22:40:10  28009   0.426       1   0.100  0.100 fsync
22:40:11  28662   0.398       4   0.062  0.061 fsync
22:40:12  28885   0.428       1   0.100  0.100 fsync
22:40:13  31366   0.610      28   0.116  0.100 fsync
22:40:14  38516   0.739      10   0.152  0.101 fsync
22:40:15  29878   0.373       0   0.000  0.003 munmap
22:40:16  27492   0.489       5   0.157  0.100 fsync
22:40:17  27465   0.424       1   0.100  0.100 fsync
22:40:18  27471   0.424       1   0.100  0.100 fsync
22:40:19  27274   0.422       1   0.099  0.099 fsync
22:40:20  27511   0.433       5   0.103  0.100 fsync
22:40:21  26921   0.423       1   0.100  0.100 fsync
22:40:22  28660   0.421       1   0.099  0.099 fsync
22:40:23  27824   0.427       1   0.100  0.100 fsync
22:40:24  34385   0.596      29   0.061  0.047 fsync
22:40:25  38497   0.666       6   0.107  0.100 fsync
22:40:26  27872   0.416       1   0.100  0.100 fsync
22:40:27  27382   0.427       5   0.102  0.100 fsync
22:40:28  27551   0.425       1   0.100  0.100 fsync
22:40:29  28503   0.351       0   0.000  0.001 ioctl
22:40:30  27743   0.436       1   0.100  0.100 fsync
22:40:31  31551   0.655      28   0.148  0.100 fsync
22:40:32  39669   0.708      11   0.126  0.100 fsync
22:40:33  27513   0.421       1   0.099  0.099 fsync
22:40:34  27509   0.440       5   0.101  0.100 fsync
22:40:35  30114   0.422       1   0.100  0.100 fsync
22:40:36  27751   0.424       1   0.099  0.099 fsync
22:40:37  28130   0.329       0   0.000  0.000 pread64
22:40:38  40133   0.707      33   0.116  0.099 fsync
22:40:39  32928   0.563       7   0.141  0.100 fsync
22:40:40  30919   0.399       1   0.100  0.100 fsync
22:40:41  27766   0.405       1   0.100  0.100 fsync
22:40:42  28093   0.470       2   0.199  0.100 fsync
22:40:43  29859   0.402       1   0.100  0.100 fsync
22:40:44  28450   0.404       1   0.100  0.100 fsync
22:40:45  27068   0.408       1   0.100  0.100 fsync
22:40:46  30232   0.402       1   0.100  0.100 fsync
22:40:47  27470   0.404       1   0.100  0.100 fsync
22:40:48  28566   0.404       1   0.100  0.100 fsync
22:40:49  29705   0.404       1   0.100  0.100 fsync
22:40:50  30192   0.400       1   0.100  0.100 fsync
22:40:51  25442   0.408       1   0.100  0.100 fsync
22:40:52  24742   0.411       1   0.100  0.100 fsync
22:40:53  28351   0.400       1   0.100  0.100 fsync
22:40:54  28337   0.476       2   0.200  0.100 fsync
22:40:55  25709   0.416       1   0.100  0.100 fsync
22:40:56  31921   0.406       1   0.100  0.100 fsync
22:40:57  31664   0.404       1   0.100  0.100 fsync
22:40:58  27474   0.412       1   0.100  0.100 fsync
22:40:59  25504   0.413       1   0.100  0.100 fsync
22:41:00  28623   0.413       1   0.100  0.100 fsync
22:41:01  32577   0.414       1   0.100  0.100 fsync
22:41:02  21846   0.497       5   0.119  0.101 fsync
22:41:03  25462   0.420       1   0.099  0.099 fsync
22:41:04  25568   0.416       1   0.099  0.099 fsync
22:41:05  26131   0.406       4   0.073  0.072 fsync
22:41:06  26019   0.420       1   0.099  0.099 fsync
22:41:07  25777   0.414       1   0.100  0.100 fsync
22:41:08  24221   0.481      21   0.159  0.100 fsync
22:41:09  37879   0.479      27   0.008  0.006 munmap
22:41:10  61896   0.642       1   0.099  0.099 fsync
22:41:11  61952   0.505       0   0.000  0.000 write
22:41:12  61927   0.522       0   0.000  0.000 write
22:41:13  61614   0.622       3   0.100  0.099 fsync
22:41:14  57729   0.667      11   0.004  0.002 munmap
22:41:15  47588   0.626      13   0.108  0.099 fsync
22:41:16  35655   0.421       4   0.035  0.034 fsync
22:41:17  26977   0.422       1   0.099  0.099 fsync
22:41:18  38241   0.613      36   0.115  0.100 fsync
22:41:19  45551   0.731       7   0.197  0.099 fsync
22:41:20  38218   0.476       6   0.004  0.003 madvise
22:41:21  26355   0.418       1   0.099  0.099 fsync
22:41:22  17163   0.324       1   0.108  0.108 fsync
