22:35:26   1057   0.003       0   0.000  0.001 ioctl
22:35:27   1701   0.005       0   0.000  0.001 ioctl
22:35:28   1809   0.007       0   0.000  0.001 ioctl
22:35:29   1655   0.001       0   0.000  0.000 clone3
22:35:30   1645   0.001       0   0.000  0.000 clone3
22:35:31   1661   0.001       0   0.000  0.000 clone3
22:35:32   1664   0.001       0   0.000  0.000 write
22:35:33   1624   0.001       0   0.000  0.000 write
22:35:34   1662   0.001       0   0.000  0.000 write
22:35:35   1621   0.001       0   0.000  0.000 write
22:35:36   1642   0.001       0   0.000  0.000 write
22:35:37   1646   0.001       0   0.000  0.000 fstat
22:35:38   1631   0.001       0   0.000  0.000 write
22:35:39   1632   0.001       0   0.000  0.000 write
22:35:40   1639   0.001       0   0.000  0.000 write
22:35:41   1614   0.001       0   0.000  0.000 write
22:35:42   1628   0.001       0   0.000  0.000 write
22:35:43   1639   0.001       0   0.000  0.000 write
22:35:44   1633   0.001       0   0.000  0.000 write
22:35:45   1616   0.001       0   0.000  0.000 write
22:35:46   1662   0.001       0   0.000  0.000 write
22:35:47   1619   0.001       0   0.000  0.000 write
22:35:48   1634   0.001       0   0.000  0.000 write
22:35:49   1640   0.001       0   0.000  0.000 write
22:35:50   1636   0.001       0   0.000  0.000 write
22:35:51   1652   0.001       0   0.000  0.000 write
22:35:52   1635   0.001       0   0.000  0.000 fstat
22:35:53   1619   0.001       0   0.000  0.000 write
22:35:54   1661   0.001       0   0.000  0.000 fstat
22:35:55   1624   0.001       0   0.000  0.000 write
22:35:56   1644   0.001       0   0.000  0.000 write
22:35:57   1635   0.001       0   0.000  0.000 write
22:35:58   1634   0.001       0   0.000  0.000 write
22:35:59  12891   0.149      44   0.011  0.020 openat
22:36:00  56025   0.909       8   0.096  0.094 fsync
22:36:01  70041   2.736       0   0.000  0.000 write
22:36:02  70164   2.861       3   0.002  0.002 fsync
22:36:03  70114   3.805       4   0.111  0.108 fsync
22:36:04  69572   3.407       3   0.002  0.002 write
22:36:05  69828   3.807       3   0.079  0.075 fsync
22:36:06  66690   2.206       7   0.060  0.058 fsync
22:36:07  66207   1.822       3   0.003  0.002 fsync
22:36:08  62248   1.695       3   0.002  0.002 fsync
22:36:09  40829   0.462       3   0.002  0.002 fsync
22:36:10  39239   1.069       1   0.467  0.467 fsync
22:36:11  49542   1.323       5   0.283  0.243 fsync
22:36:12  62657   1.619       3   0.002  0.002 fsync
22:36:13  64601   1.944       3   0.002  0.002 fsync
22:36:14  65189   3.558       3   0.002  0.002 fsync
22:36:15  64319   3.004       3   0.002  0.002 fsync
22:36:16  63557   3.606       0   0.000  0.033 write
22:36:17  63049   3.424       6   0.221  0.217 fsync
22:36:18  62345   2.200       3   0.002  0.002 fsync
22:36:19  62205   2.268       0   0.000  0.000 write
22:36:20  51587   1.425       3   0.002  0.002 fsync
22:36:21  40533   0.474       3   0.002  0.002 fsync
22:36:22  36955   1.578       3   0.803  0.479 fsync
22:36:23  56221   1.556       3   0.001  0.001 ioctl
22:36:24  61281   1.530       3   0.002  0.002 fsync
22:36:25  61047   1.555       3   0.002  0.002 fsync
22:36:26  65617   4.172       3   0.003  0.002 fsync
22:36:27  46237   5.373       5   0.600  0.521 fsync
22:36:28  65106   2.370       3   0.003  0.002 fsync
22:36:29  59540   2.013       3   0.002  0.020 write
22:36:30  53932   3.113       3   0.002  0.002 fsync
22:36:31  47012   1.123       3   0.002  0.002 fsync
22:36:32  47030   1.115       3   0.002  0.002 fsync
22:36:33  37644   1.109       3   0.002  0.002 fsync
22:36:34  12098   0.150       3   0.002  0.001 fsync
22:36:35  10726   0.116       0   0.000  0.000 write
22:36:36  10616   0.117       0   0.000  0.000 openat
22:36:37  20089   0.321       0   0.000  0.000 write
22:36:38  33582   0.748       0   0.000  0.001 ioctl
22:36:39  33811   0.741       0   0.000  0.000 openat
22:36:40  33350   0.717       0   0.000  0.000 openat
22:36:41  43899   1.408       0   0.000  0.002 openat
22:36:42  43839   1.198       0   0.000  0.000 write
22:36:43  44002   1.231       0   0.000  0.000 write
22:36:44  44044   1.149       0   0.000  0.000 openat
22:36:45  49181   1.779       0   0.000  0.000 openat
22:36:46  47095   1.299       0   0.000  0.000 write
22:36:47  47260   1.223       0   0.000  0.000 write
22:36:48  43643   1.123       0   0.000  0.000 write
22:36:49  18538   0.342       0   0.000  0.000 write
22:36:50  10645   0.119       0   0.000  0.000 openat
22:36:51  10602   0.118       0   0.000  0.000 openat
22:36:52  11875   0.144       0   0.000  0.000 write
22:36:53  30271   0.531       0   0.000  0.000 write
22:36:54  32794   0.589       0   0.000  0.000 write
22:36:55  33644   0.721       0   0.000  0.000 write
22:36:56  47769   1.799       0   0.000  0.000 openat
22:36:57  48493   1.474       0   0.000  0.000 write
22:36:58  48316   1.439       0   0.000  0.002 write
22:36:59  49709   1.678       0   0.000  0.001 openat
22:37:00  49136   1.607       0   0.000  0.000 openat
22:37:01  48054   1.263       0   0.000  0.000 write
22:37:02  48057   1.405       0   0.000  0.000 write
22:37:03  35034   0.804       0   0.000  0.000 write
22:37:04  13635   0.174       0   0.000  0.000 write
22:37:05  10620   0.114       0   0.000  0.000 openat
22:37:06  11078   0.134       0   0.000  0.000 write
22:37:07  15811   0.247       0   0.000  0.000 write
22:37:08  32268   0.620       0   0.000  0.000 write
22:37:09  32886   0.600       0   0.000  0.000 write
22:37:10  39563   0.970       0   0.000  0.000 write
22:37:11  53333   2.441       0   0.000  0.000 write
22:37:12  53548   2.138       0   0.000  0.000 write
22:37:13  54027   2.434       0   0.000  0.000 openat
22:37:14  53884   2.363       0   0.000  0.000 write
22:37:15  53577   2.085       0   0.000  0.000 write
22:37:16  50358   1.749       0   0.000  0.000 openat
22:37:17  36410   0.768       0   0.000  0.000 openat
22:37:18  18005   0.293       0   0.000  0.000 write
22:37:19  10476   0.114       0   0.000  0.000 write
22:37:20  12356   0.196       0   0.000  0.000 write
22:37:21   9014   0.109       0   0.000  0.000 openat
22:37:22  28850   0.498       0   0.000  0.000 write
22:37:23  32604   0.581       0   0.000  0.000 write
22:37:24  41752   1.137       0   0.000  0.000 write
22:37:25  51537   1.951       0   0.000  0.000 write
22:37:26  53351   2.203       0   0.000  0.000 write
22:37:27  54027   2.431       0   0.000  0.000 write
22:37:28  54073   2.414       0   0.000  0.000 openat
22:37:29  54003   2.372       0   0.000  0.005 access
22:37:30  48336   1.422       0   0.000  0.001 openat
22:37:31  42746   1.072       0   0.000  0.000 write
22:37:32  24546   0.625       0   0.000  0.000 access
22:37:33  13399   0.167       0   0.000  0.000 openat
22:37:34  11123   0.129       0   0.000  0.000 write
22:37:35  12943   0.179       0   0.000  0.000 openat
22:37:36  33522   0.639       0   0.000  0.000 openat
22:37:37  45719   1.145       0   0.000  0.000 write
22:37:38  52461   2.115       0   0.000  0.000 write
22:37:39  53656   2.469       0   0.000  0.000 write
22:37:40  53737   2.317       0   0.000  0.000 openat
22:37:41  53709   2.192       0   0.000  0.000 write
22:37:42  52036   2.051       0   0.000  0.000 openat
22:37:43  46804   1.232       0   0.000  0.000 write
22:37:44  44005   1.157       0   0.000  0.000 write
22:37:45  29121   0.563       0   0.000  0.000 write
22:37:46  16818   0.226       0   0.000  0.000 write
22:37:47  11159   0.126       0   0.000  0.000 openat
22:37:48   9740   0.110       0   0.000  0.000 openat
22:37:49  34705   0.708       0   0.000  0.000 write
22:37:50  45688   1.147       0   0.000  0.000 openat
22:37:51  50816   1.689       0   0.000  0.000 write
22:37:52  54134   2.692       0   0.000  0.000 write
22:37:53  53832   2.259       0   0.000  0.000 openat
22:37:54  53813   2.231       0   0.000  0.000 write
22:37:55  50089   1.703       0   0.000  0.000 write
22:37:56  40932   0.999       0   0.000  0.000 openat
22:37:57  38876   0.890       3   0.019  0.018 fsync
22:37:58  35106   0.788       3   0.002  0.002 fsync
22:37:59  22954   0.369       3   0.001  0.000 fsync
22:38:00  16411   0.231       3   0.002  0.001 fsync
22:38:01  30371   0.779       0   0.000  0.000 openat
22:38:02  37957   2.164       3   0.002  0.001 fsync
22:38:03  45745   3.094       3   0.002  0.001 fsync
22:38:04  51562   4.095       3   0.002  0.002 fsync
22:38:05  53407   4.347       3   0.003  0.002 fsync
22:38:06  52709   4.231       3   0.002  0.002 fsync
22:38:07  52949   4.324       3   0.002  0.002 fsync
22:38:08  53919   5.183       0   0.000  0.000 write
22:38:09  55500   6.177       3   0.003  0.002 fsync
22:38:10  57300   6.764       3   0.003  0.002 fsync
22:38:11  56812   7.319       3   0.003  0.002 fsync
22:38:12  55228   5.926       3   0.002  0.002 fsync
22:38:13  54947   6.676       0   0.000  0.000 openat
22:38:14  55273   6.671       3   0.003  0.002 fsync
22:38:15  55914   6.213       3   0.003  0.002 fsync
22:38:16  55087   5.201       3   0.003  0.002 fsync
22:38:17  56212   5.184       3   0.003  0.002 fsync
22:38:18  54615   5.395       0   0.000  0.001 openat
22:38:19  54825   6.116       3   0.002  0.002 fsync
22:38:20  54149   5.548       3   0.003  0.002 fsync
22:38:21  55156   5.167       3   0.002  0.002 fsync
22:38:22  53664   4.949       3   0.003  0.002 fsync
22:38:23  55557   5.519       3   0.002  0.002 fsync
22:38:24  55420   5.565       0   0.000  0.000 write
22:38:25  54004   4.675       3   0.003  0.002 fsync
22:38:26  54051   4.167       3   0.003  0.002 fsync
22:38:27  55451   5.154       3   0.002  0.002 fsync
22:38:28  54050   4.912       3   0.003  0.002 fsync
22:38:29  54197   4.432       0   0.000  0.001 openat
22:38:30  55469   5.520       3   0.002  0.010 write
22:38:31  56393   5.295       3   0.003  0.002 fsync
22:38:32  55311   5.409       3   0.003  0.002 fsync
22:38:33  54670   4.850       3   0.003  0.002 fsync
22:38:34  55802   5.100       0   0.000  0.001 close
22:38:35  55247   5.303       3   0.002  0.002 fsync
22:38:36  54446   4.734       3   0.003  0.002 fsync
22:38:37  56548   5.341       3   0.003  0.002 fsync
22:38:38  55004   4.948       3   0.002  0.002 fsync
22:38:39  53073   4.993       1   0.001  0.001 fsync
22:38:40  55531   5.667       4   0.004  0.002 fsync
22:38:41  53570   4.012       1   0.001  0.001 fsync
22:38:42  54161   5.085       1   0.001  0.001 fsync
22:38:43  56309   6.190       5   0.004  0.002 fsync
22:38:44  54926   5.249       2   0.002  0.001 fsync
22:38:45  54178   4.612       2   0.003  0.002 fsync
22:38:46  56050   5.707       4   0.003  0.002 fsync
22:38:47  55630   5.359       1   0.002  0.002 fsync
22:38:48  55930   5.506       3   0.004  0.002 fsync
22:38:49  54312   4.802       3   0.002  0.001 fsync
22:38:50  56320   6.626       3   0.005  0.002 fsync
22:38:51  54726   5.103       1   0.002  0.002 fsync
22:38:52  55060   5.094       3   0.002  0.001 fsync
22:38:53  56047   5.698       2   0.002  0.001 fsync
22:38:54  54381   4.942       2   0.002  0.002 fsync
22:38:55  55107   5.402       1   0.001  0.001 fsync
22:38:56  53189   5.340       6   0.006  0.002 fsync
22:38:57  54985   5.016       0   0.000  0.000 openat
22:38:58  53425   4.936       3   0.003  0.002 fsync
22:38:59  53510   5.073       2   0.002  0.003 close
22:39:00  54232   4.608       4   0.002  0.010 write
22:39:01  51533   5.014       4   0.003  0.001 fsync
22:39:02  50888   3.555      23   0.010  0.001 fsync
22:39:03  44436   2.237       5   0.002  0.001 fsync
22:39:04  31359   0.613      14   0.150  0.101 fsync
22:39:05  29745   0.570      11   0.106  0.100 fsync
22:39:06  32093   0.580      25   0.124  0.101 fsync
22:39:07  32982   0.605      10   0.104  0.100 fsync
22:39:08  25477   0.500       2   0.101  0.100 fsync
22:39:09  25953   0.511       4   0.101  0.100 fsync
22:39:10  33893   0.515       3   0.003  0.001 fsync
22:39:11  30736   0.545       4   0.101  0.100 fsync
22:39:12  25684   0.488       2   0.100  0.100 fsync
22:39:13  26097   0.492       1   0.100  0.100 fsync
22:39:14  27046   0.503       2   0.100  0.100 fsync
22:39:15  25956   0.506       4   0.101  0.100 fsync
22:39:16  25707   0.503       1   0.100  0.100 fsync
22:39:17  25943   0.508       6   0.109  0.100 fsync
22:39:18  28385   0.456       2   0.020  0.019 fsync
22:39:19  27866   0.448       4   0.012  0.011 fsync
22:39:20  27832   0.459       2   0.018  0.018 fsync
22:39:21  27554   0.452       9   0.019  0.011 fsync
22:39:22  28215   0.460       1   0.018  0.018 fsync
22:39:23  28169   0.457       5   0.015  0.014 fsync
22:39:24  27415   0.451       2   0.019  0.019 fsync
22:39:25  28721   0.452       4   0.012  0.011 fsync
22:39:26  27634   0.461      10   0.030  0.018 fsync
22:39:27  28144   0.459       6   0.021  0.019 fsync
22:39:28  27868   0.451       4   0.016  0.015 fsync
22:39:29  28861   0.463       6   0.020  0.019 fsync
22:39:30  27735   0.456       6   0.020  0.019 fsync
22:39:31  30554   0.456       1   0.019  0.019 fsync
22:39:32  28668   0.455       5   0.014  0.012 fsync
22:39:33  12703   0.221       6   0.022  0.021 fsync
22:39:34   4242   0.073       0   0.000  0.000 writev
22:39:35   4432   0.076       1   0.000  0.000 fsync
22:39:36   4090   0.077       1   0.000  0.000 fsync
22:39:37   3917   0.078       0   0.000  0.000 writev
22:39:38   4095   0.077       1   0.000  0.000 writev
22:39:39   4212   0.073       1   0.000  0.000 fsync
22:39:40   4160   0.073       1   0.000  0.000 fsync
22:39:41   3953   0.073       0   0.000  0.000 writev
22:39:42   4066   0.076       1   0.000  0.000 fsync
22:39:43   4189   0.074       1   0.000  0.000 fsync
22:39:44   3945   0.071       0   0.000  0.000 writev
22:39:45   4148   0.074       1   0.000  0.000 fsync
22:39:46   4111   0.075       1   0.000  0.000 fsync
22:39:47   3968   0.074       0   0.000  0.000 writev
22:39:48   4100   0.073       1   0.000  0.000 fsync
22:39:49   4181   0.074       1   0.000  0.000 fsync
22:39:50   4032   0.077       1   0.000  0.000 fsync
22:39:51   4011   0.074       0   0.000  0.000 writev
22:39:52   4077   0.075       1   0.000  0.000 fsync
22:39:53   8507   0.140       4   0.002  0.001 madvise
22:39:54  22011   0.335      20   0.007  0.001 madvise
22:39:55  34256   0.491       7   0.020  0.017 fsync
22:39:56  29229   0.452       3   0.018  0.018 fsync
22:39:57  27702   0.444       2   0.020  0.019 fsync
22:39:58  26868   0.439       1   0.020  0.020 fsync
22:39:59  27050   0.444       2   0.020  0.019 fsync
22:40:00  26941   0.444       2   0.020  0.020 fsync
22:40:01  26827   0.438       1   0.019  0.019 fsync
22:40:02  32853   0.558       5   0.022  0.020 fsync
22:40:03  30723   0.518       6   0.022  0.019 fsync
22:40:04  28001   0.468       3   0.021  0.020 fsync
22:40:05  28825   0.452       4   0.001  0.001 madvise
22:40:06  27876   0.433       2   0.020  0.020 fsync
22:40:07  27622   0.433       1   0.021  0.021 fsync
22:40:08  27640   0.436       2   0.019  0.018 fsync
22:40:09  30786   0.496      10   0.030  0.018 fsync
22:40:10  33202   0.446       1   0.017  0.017 fsync
22:40:11  32386   0.522       7   0.016  0.013 fsync
22:40:12  35074   0.572      27   0.043  0.017 fsync
22:40:13  29068   0.475       6   0.019  0.018 fsync
22:40:14  30832   0.494       3   0.018  0.018 fsync
22:40:15  30984   0.511      11   0.023  0.011 fsync
22:40:16  27859   0.453       4   0.016  0.015 fsync
22:40:17  28070   0.461       6   0.019  0.018 fsync
22:40:18  28074   0.452       5   0.012  0.011 fsync
22:40:19  27865   0.459       6   0.019  0.018 fsync
22:40:20  30143   0.459       1   0.018  0.018 fsync
22:40:21  34766   0.483      10   0.032  0.018 fsync
22:40:22  29349   0.456       3   0.019  0.018 fsync
22:40:23  31368   0.523       3   0.001  0.001 fsync
22:40:24  29590   0.493       4   0.019  0.018 fsync
22:40:25  28963   0.462       2   0.018  0.018 fsync
22:40:26  27957   0.442       1   0.018  0.018 fsync
22:40:27  32040   0.463       3   0.035  0.018 fsync
22:40:28  28852   0.435       1   0.000  0.000 fsync
22:40:29  32350   0.551       6   0.020  0.018 fsync
22:40:30  31378   0.524      18   0.024  0.018 fsync
22:40:31  28078   0.465       2   0.018  0.018 fsync
22:40:32  27783   0.467       2   0.018  0.018 fsync
22:40:33  27212   0.449       1   0.018  0.018 fsync
22:40:34  27792   0.447       2   0.018  0.018 fsync
22:40:35  26057   0.483       6   0.022  0.018 fsync
22:40:36  27739   0.459       5   0.015  0.013 fsync
22:40:37  27539   0.451       1   0.017  0.017 fsync
22:40:38  33267   0.573      10   0.015  0.012 fsync
22:40:39  26971   0.411       6   0.019  0.018 fsync
22:40:40  26116   0.399       1   0.018  0.018 fsync
22:40:41  27959   0.401       2   0.018  0.018 fsync
22:40:42  28137   0.403       2   0.018  0.018 fsync
22:40:43  26237   0.396       1   0.018  0.018 fsync
22:40:44  25992   0.396       2   0.018  0.018 fsync
22:40:45  26177   0.398       2   0.019  0.018 fsync
22:40:46  26333   0.401       2   0.019  0.018 fsync
22:40:47  26324   0.399       1   0.018  0.018 fsync
22:40:48  26481   0.402       2   0.019  0.018 fsync
22:40:49  26639   0.402       2   0.019  0.018 fsync
22:40:50  26468   0.404       1   0.018  0.018 fsync
22:40:51  27246   0.413       2   0.019  0.018 fsync
22:40:52  25468   0.450       6   0.019  0.018 fsync
22:40:53  27744   0.410       4   0.008  0.007 fsync
22:40:54  27006   0.416       6   0.019  0.017 fsync
22:40:55  27718   0.419       5   0.012  0.011 fsync
22:40:56  26640   0.430      10   0.035  0.018 fsync
22:40:57  32322   0.430       5   0.019  0.018 fsync
22:40:58  12141   0.183       5   0.012  0.011 fsync
22:40:59   3196   0.035       1   0.000  0.000 fsync
22:41:00   2939   0.032       0   0.000  0.000 writev
22:41:01   3183   0.033       1   0.000  0.000 fsync
22:41:02   3132   0.034       1   0.000  0.000 fsync
22:41:03   3187   0.032       0   0.000  0.001 madvise
22:41:04   1554   0.004       1   0.000  0.000 fsync
22:41:05   1773   0.006       1   0.000  0.000 fsync
22:41:06   1737   0.005       1   0.000  0.000 fsync
22:41:07   1543   0.004       0   0.000  0.000 writev
22:41:08   2672   0.013       9   0.003  0.000 fsync
22:41:09   2487   0.009       3   0.001  0.000 fsync
22:41:10   4029   0.036       4   0.001  0.000 fsync
22:41:11   3917   0.034       5   0.002  0.000 fsync
22:41:12   2026   0.008       3   0.001  0.000 fsync
22:41:13   6388   0.076       7   0.003  0.001 ioctl
22:41:14  27524   0.387      23   0.007  0.000 fsync
22:41:15  31518   0.504      13   0.022  0.018 fsync
22:41:16  26432   0.398       8   0.031  0.017 fsync
22:41:17  26314   0.384       8   0.019  0.017 fsync
22:41:18  31178   0.475       8   0.003  0.001 fsync
22:41:19  26289   0.391       5   0.019  0.017 fsync
22:41:20  30987   0.514       6   0.020  0.019 fsync
22:41:21  25816   0.382       3   0.018  0.018 fsync
22:41:22  17123   0.253       2   0.018  0.018 fsync
