tid  calls  work_s  (top work syscalls)
2044613  684064    1.521  write=1.52
2044813  296699    1.160  getsockopt=0.58 fstat=0.55
2044812  152786    0.529 
2044602     386    0.471 
2044599   46773    0.308 
2044601   26280    0.254 
2044880   21312    0.217 
2044869   21356    0.217 
2044891   21101    0.212 
2044888   21134    0.212 
2044889   21244    0.211 
2044872   21150    0.211 
2044883   21267    0.209 
2044882   21134    0.209 
2044879   21206    0.209 
2044867   21185    0.209 
2044885   21167    0.207 
2044881   21258    0.207 
2044874   21359    0.205 
2044886   21239    0.204 
2044873   21259    0.204 
2044871   21209    0.204 
2044878   21259    0.202 
2044876   21294    0.201 
2044892   21025    0.200 
2044875   21317    0.200 
2044887   21492    0.198 
2044884   21269    0.198 
2044877   21366    0.198 
2044868   21401    0.198 
