22:35:40    475   0.009       0   0.000  0.001 ioctl
22:35:41    934   0.000       0   0.000  0.000 
22:35:42    949   0.000       0   0.000  0.000 writev
22:35:43    934   0.000       0   0.000  0.000 
22:35:44    935   0.000       0   0.000  0.000 
22:35:45    935   0.000       0   0.000  0.000 
22:35:46    934   0.000       0   0.000  0.000 
22:35:47    935   0.000       0   0.000  0.000 
22:35:48    934   0.000       0   0.000  0.000 
22:35:49    935   0.000       0   0.000  0.000 
22:35:50    935   0.000       0   0.000  0.000 
22:35:51    934   0.000       0   0.000  0.000 
22:35:52    935   0.000       0   0.000  0.000 
22:35:53    934   0.000       0   0.000  0.000 
22:35:54    935   0.000       0   0.000  0.000 
22:35:55    934   0.000       0   0.000  0.000 
22:35:56    935   0.000       0   0.000  0.000 
22:35:57    934   0.000       0   0.000  0.000 
22:35:58    935   0.000       0   0.000  0.000 
22:35:59   9263   0.060       0   0.000  0.001 ioctl
22:36:00  16749   0.125       0   0.000  0.001 ioctl
22:36:01  23444   0.151       0   0.000  0.000 mprotect
22:36:02  16236   0.090       0   0.000  0.001 ioctl
22:36:03   8074   0.023       0   0.000  0.000 write
22:36:04   8506   0.018       0   0.000  0.000 write
22:36:05   9080   0.026       0   0.000  0.001 ioctl
22:36:06   7825   0.017       0   0.000  0.000 getsockopt
22:36:07   8359   0.017       0   0.000  0.000 write
22:36:08   8697   0.021       0   0.000  0.001 ioctl
22:36:09   9831   0.025       0   0.000  0.001 ioctl
22:36:10   9600   0.025       0   0.000  0.000 write
22:36:11   9492   0.030       0   0.000  0.001 ioctl
22:36:12   9539   0.031       0   0.000  0.000 write
22:36:13  10885   0.033       0   0.000  0.001 ioctl
22:36:14   8275   0.025       0   0.000  0.000 write
22:36:15  10240   0.033       0   0.000  0.000 fstat
22:36:16   7942   0.025       0   0.000  0.000 write
22:36:17   7867   0.025       0   0.000  0.000 write
22:36:18   8263   0.016       0   0.000  0.000 write
22:36:19   8859   0.019       0   0.000  0.000 write
22:36:20   8936   0.032       0   0.000  0.001 ioctl
22:36:21   7966   0.022       0   0.000  0.000 getsockopt
22:36:22   8107   0.023       0   0.000  0.000 write
22:36:23  10311   0.038       0   0.000  0.001 ioctl
22:36:24   9480   0.018       0   0.000  0.000 write
22:36:25   9254   0.022       0   0.000  0.000 write
22:36:26  10101   0.033       0   0.000  0.001 ioctl
22:36:27   6942   0.020       0   0.000  0.000 write
22:36:28   8771   0.026       0   0.000  0.000 write
22:36:29   8304   0.022       0   0.000  0.000 write
22:36:30  13240   1.148       0   0.000  0.017 socket
22:36:31   7284   0.020       0   0.000  0.004 write
22:36:32   7259   0.020       0   0.000  0.000 write
22:36:33   7708   0.037       0   0.000  0.000 fstat
22:36:34   6489   0.020       0   0.000  0.000 write
22:36:35   6657   0.020       0   0.000  0.000 write
22:36:36   6676   0.019       0   0.000  0.000 write
22:36:37   7768   0.037       0   0.000  0.004 write
22:36:38   6562   0.020       0   0.000  0.000 write
22:36:39   6423   0.020       0   0.000  0.000 write
22:36:40   6522   0.018       0   0.000  0.000 write
22:36:41   7697   0.037       0   0.000  0.000 fstat
22:36:42   6451   0.020       0   0.000  0.000 write
22:36:43   6498   0.020       0   0.000  0.000 write
22:36:44   6717   0.020       0   0.000  0.000 getsockopt
22:36:45   8072   0.035       0   0.000  0.000 getsockopt
22:36:46   7021   0.021       0   0.000  0.000 mprotect
22:36:47   7235   0.021       0   0.000  0.000 write
22:36:48   6605   0.018       0   0.000  0.000 write
22:36:49   8156   0.035       0   0.000  0.000 getsockopt
22:36:50   6700   0.020       0   0.000  0.000 write
22:36:51   6787   0.019       0   0.000  0.000 getsockopt
22:36:52   6857   0.020       0   0.000  0.000 write
22:36:53   6521   0.020       0   0.000  0.000 fstat
22:36:54   6678   0.020       0   0.000  0.000 write
22:36:55   6598   0.019       0   0.000  0.000 fstat
22:36:56   8436   0.036       0   0.000  0.000 write
22:36:57   7090   0.022       0   0.000  0.000 write
22:36:58  10336   0.061       0   0.000  0.000 fstat
22:36:59   7221   0.026       0   0.000  0.000 write
22:37:00   7311   0.023       0   0.000  0.000 getsockopt
22:37:01   7288   0.022       0   0.000  0.000 write
22:37:02   7128   0.020       0   0.000  0.000 write
22:37:03   8144   0.035       0   0.000  0.000 getsockopt
22:37:04   6427   0.019       0   0.000  0.000 write
22:37:05   6556   0.020       0   0.000  0.000 getsockopt
22:37:06   6463   0.019       0   0.000  0.000 fstat
22:37:07   8195   0.042       0   0.000  0.000 write
22:37:08   6666   0.024       0   0.000  0.000 fstat
22:37:09   6626   0.024       0   0.000  0.000 write
22:37:10   6422   0.018       0   0.000  0.000 write
22:37:11   9001   0.039       0   0.000  0.000 write
22:37:12   7966   0.024       0   0.000  0.000 fstat
22:37:13   7576   0.021       0   0.000  0.000 write
22:37:14   8082   0.023       0   0.000  0.000 write
22:37:15   7504   0.021       0   0.000  0.000 fstat
22:37:16   7125   0.019       0   0.000  0.000 fstat
22:37:17   7096   0.026       0   0.000  0.000 fstat
22:37:18   8920   0.048       0   0.000  0.000 fstat
22:37:19   6560   0.020       0   0.000  0.000 write
22:37:20   6096   0.019       0   0.000  0.000 write
22:37:21   6542   0.021       0   0.000  0.000 write
22:37:22   6348   0.019       0   0.000  0.000 write
22:37:23   6506   0.019       0   0.000  0.000 write
22:37:24   6349   0.018       0   0.000  0.000 write
22:37:25   8817   0.039       0   0.000  0.000 fstat
22:37:26   7513   0.023       0   0.000  0.000 write
22:37:27   7542   0.023       0   0.000  0.000 write
22:37:28   7944   0.023       0   0.000  0.000 write
22:37:29   9242   0.042       0   0.000  0.000 fstat
22:37:30   7636   0.023       0   0.000  0.000 write
22:37:31   6794   0.024       0   0.000  0.000 write
22:37:32   8321   0.045       0   0.000  0.000 fstat
22:37:33   7050   0.026       0   0.000  0.000 write
22:37:34   6887   0.024       0   0.000  0.000 write
22:37:35   7307   0.021       0   0.000  0.000 write
22:37:36   6904   0.020       0   0.000  0.000 write
22:37:37   7479   0.020       0   0.000  0.000 write
22:37:38   7455   0.020       0   0.000  0.000 fstat
22:37:39   9399   0.043       0   0.000  0.000 fstat
22:37:40   7679   0.023       0   0.000  0.000 write
22:37:41   7743   0.024       0   0.000  0.000 write
22:37:42   7738   0.022       0   0.000  0.000 write
22:37:43   7797   0.021       0   0.000  0.000 write
22:37:44   7227   0.020       0   0.000  0.000 write
22:37:45   8554   0.038       0   0.000  0.000 write
22:37:46   6824   0.021       0   0.000  0.000 write
22:37:47   6913   0.022       0   0.000  0.000 write
22:37:48   7003   0.023       0   0.000  0.004 write
22:37:49  10604   0.059       0   0.000  0.000 mmap
22:37:50   7701   0.025       0   0.000  0.000 write
22:37:51   7549   0.024       0   0.000  0.000 write
22:37:52   9206   0.041       0   0.000  0.000 getsockopt
22:37:53   7866   0.025       0   0.000  0.000 write
22:37:54   7922   0.025       0   0.000  0.000 write
22:37:55   7961   0.020       0   0.000  0.000 write
22:37:56   6922   0.019       0   0.000  0.000 write
22:37:57   6544   0.018       0   0.000  0.000 fstat
22:37:58   7938   0.034       0   0.000  0.000 fstat
22:37:59   7225   0.018       0   0.000  0.000 getsockopt
22:38:00   7006   0.023       0   0.000  0.002 write
22:38:01   6237   0.025       0   0.000  0.000 getsockopt
22:38:02   3725   0.008       0   0.000  0.000 write
22:38:03   4498   0.012       0   0.000  0.000 fstat
22:38:04   4048   0.011       0   0.000  0.000 write
22:38:05   4023   0.011       0   0.000  0.000 write
22:38:06   4167   0.010       0   0.000  0.000 getsockopt
22:38:07   4142   0.010       0   0.000  0.000 fstat
22:38:08   8508   0.052       0   0.000  0.000 fstat
22:38:09   4866   0.021       0   0.000  0.000 fstat
22:38:10   5879   0.029       0   0.000  0.000 getsockopt
22:38:11  17137   0.124       0   0.000  0.002 write
22:38:12  18714   0.135       0   0.000  0.000 getsockopt
22:38:13  17514   0.128       0   0.000  0.000 fstat
22:38:14  18663   0.135       0   0.000  0.000 getsockopt
22:38:15  18298   0.129       0   0.000  0.000 getsockopt
22:38:16  14361   0.102       0   0.000  0.000 getsockopt
22:38:17  15077   0.113       0   0.000  0.000 getsockopt
22:38:18  14065   0.103       0   0.000  0.000 getsockopt
22:38:19  14774   0.117       0   0.000  0.000 getsockopt
22:38:20  14386   0.110       0   0.000  0.000 getsockopt
22:38:21  14279   0.100       0   0.000  0.000 fstat
22:38:22  14873   0.108       0   0.000  0.000 getsockopt
22:38:23  14650   0.103       0   0.000  0.000 write
22:38:24  15224   0.111       0   0.000  0.000 getsockopt
22:38:25  14168   0.104       0   0.000  0.000 fstat
22:38:26  13936   0.103       0   0.000  0.000 fstat
22:38:27  14902   0.113       0   0.000  0.000 write
22:38:28  14179   0.110       0   0.000  0.000 fstat
22:38:29  14280   0.099       0   0.000  0.000 getsockopt
22:38:30  14841   0.105       0   0.000  0.000 fstat
22:38:31  14610   0.102       0   0.000  0.002 getsockopt
22:38:32  15089   0.116       0   0.000  0.000 fstat
22:38:33  14226   0.100       0   0.000  0.000 fstat
22:38:34  14046   0.100       0   0.000  0.000 fstat
22:38:35  15316   0.108       0   0.000  0.000 getsockopt
22:38:36  14179   0.106       0   0.000  0.000 fstat
22:38:37  15167   0.111       0   0.000  0.000 write
22:38:38  14201   0.096       0   0.000  0.000 fstat
22:38:39  15685   0.107       0   0.000  0.000 getsockopt
22:38:40  16780   0.126       0   0.000  0.000 getsockopt
22:38:41  15805   0.114       0   0.000  0.000 fstat
22:38:42  16596   0.129       0   0.000  0.000 fstat
22:38:43  17879   0.125       0   0.000  0.000 fstat
22:38:44  18249   0.123       0   0.000  0.000 getsockopt
22:38:45  17701   0.118       0   0.000  0.000 getsockopt
22:38:46  18775   0.136       0   0.000  0.000 getsockopt
22:38:47  18855   0.127       0   0.000  0.000 getsockopt
22:38:48  17537   0.125       0   0.000  0.000 getsockopt
22:38:49  18506   0.133       0   0.000  0.000 getsockopt
22:38:50  18403   0.129       0   0.000  0.000 fstat
22:38:51  17697   0.118       0   0.000  0.000 fstat
22:38:52  18691   0.138       0   0.000  0.000 getsockopt
22:38:53  18718   0.126       0   0.000  0.000 getsockopt
22:38:54  17804   0.130       0   0.000  0.000 fstat
22:38:55  18272   0.128       0   0.000  0.000 getsockopt
22:38:56  18280   0.126       0   0.000  0.000 getsockopt
22:38:57  17708   0.128       0   0.000  0.000 fstat
22:38:58  20135   0.147       0   0.000  0.000 fstat
22:38:59  21525   0.156       0   0.000  0.000 fstat
22:39:00  22844   0.169       0   0.000  0.000 getsockopt
22:39:01  14298   0.138       0   0.000  0.042 writev
22:39:02    941   0.000       0   0.000  0.000 getsockopt
22:39:03    939   0.080       0   0.000  0.050 writev
22:39:04    928   0.000       0   0.000  0.000 
22:39:05    946   0.031       0   0.000  0.031 writev
22:39:06    938   0.026       0   0.000  0.026 writev
22:39:07    939   0.030       0   0.000  0.030 writev
22:39:08    928   0.000       0   0.000  0.000 
22:39:09    928   0.000       0   0.000  0.000 
22:39:10    928   0.000       0   0.000  0.000 
22:39:11    928   0.000       0   0.000  0.000 
22:39:12    932   0.000       0   0.000  0.000 
22:39:13    933   0.000       0   0.000  0.000 
22:39:14    933   0.000       0   0.000  0.000 
22:39:15    943   0.005       0   0.000  0.003 munmap
22:39:16    933   0.000       0   0.000  0.000 
22:39:17    933   0.000       0   0.000  0.000 
22:39:18    933   0.000       0   0.000  0.000 
22:39:19    933   0.000       0   0.000  0.000 
22:39:20    933   0.000       0   0.000  0.000 
22:39:21    933   0.000       0   0.000  0.000 
22:39:22    933   0.000       0   0.000  0.000 
22:39:23    933   0.000       0   0.000  0.000 
22:39:24    933   0.000       0   0.000  0.000 
22:39:25    930   0.000       0   0.000  0.000 
22:39:26    932   0.000       0   0.000  0.000 
22:39:27    933   0.000       0   0.000  0.000 
22:39:28    933   0.000       0   0.000  0.000 
22:39:29    933   0.000       0   0.000  0.000 
22:39:30    933   0.000       0   0.000  0.000 
22:39:31    933   0.000       0   0.000  0.000 
22:39:32    933   0.000       0   0.000  0.000 
22:39:33    933   0.000       0   0.000  0.000 
22:39:34    933   0.000       0   0.000  0.000 
22:39:35    942   0.041       0   0.000  0.041 writev
22:39:36    933   0.000       0   0.000  0.000 
22:39:37    933   0.000       0   0.000  0.000 
22:39:38    932   0.000       0   0.000  0.000 
22:39:39    933   0.000       0   0.000  0.000 
22:39:40    933   0.000       0   0.000  0.000 
22:39:41    933   0.000       0   0.000  0.000 
22:39:42    932   0.000       0   0.000  0.000 
22:39:43    933   0.000       0   0.000  0.000 
22:39:44    932   0.000       0   0.000  0.000 
22:39:45    932   0.000       0   0.000  0.000 
22:39:46    933   0.000       0   0.000  0.000 
22:39:47    932   0.000       0   0.000  0.000 
22:39:48    933   0.000       0   0.000  0.000 
22:39:49    932   0.000       0   0.000  0.000 
22:39:50    932   0.000       0   0.000  0.000 
22:39:51    933   0.000       0   0.000  0.000 
22:39:52    932   0.000       0   0.000  0.000 
22:39:53    959   0.056       0   0.000  0.052 writev
22:39:54    948   0.070       0   0.000  0.070 writev
22:39:55    942   0.042       0   0.000  0.042 writev
22:39:56    933   0.000       0   0.000  0.000 
22:39:57    932   0.000       0   0.000  0.000 
22:39:58    933   0.000       0   0.000  0.000 
22:39:59    932   0.000       0   0.000  0.000 
22:40:00    933   0.000       0   0.000  0.000 
22:40:01    932   0.000       0   0.000  0.000 
22:40:02    948   0.052       0   0.000  0.052 writev
22:40:03    932   0.000       0   0.000  0.000 
22:40:04    943   0.050       0   0.000  0.050 writev
22:40:05    932   0.000       0   0.000  0.000 
22:40:06    933   0.000       0   0.000  0.000 
22:40:07    932   0.000       0   0.000  0.000 
22:40:08    933   0.000       0   0.000  0.000 
22:40:09    932   0.000       0   0.000  0.000 
22:40:10    933   0.000       0   0.000  0.000 
22:40:11    935   0.000       0   0.000  0.000 
22:40:12    945   0.045       0   0.000  0.045 writev
22:40:13    933   0.000       0   0.000  0.000 
22:40:14    939   0.036       0   0.000  0.035 writev
22:40:15    932   0.000       0   0.000  0.000 
22:40:16    933   0.000       0   0.000  0.000 
22:40:17    932   0.000       0   0.000  0.000 
22:40:18    933   0.000       0   0.000  0.000 
22:40:19    933   0.000       0   0.000  0.000 
22:40:20    932   0.000       0   0.000  0.000 
22:40:21    933   0.000       0   0.000  0.000 
22:40:22    936   0.000       0   0.000  0.000 
22:40:23    944   0.042       0   0.000  0.042 writev
22:40:24    936   0.000       0   0.000  0.000 
22:40:25    939   0.053       0   0.000  0.053 writev
22:40:26    933   0.000       0   0.000  0.000 
22:40:27    933   0.000       0   0.000  0.000 
22:40:28    933   0.000       0   0.000  0.000 
22:40:29    947   0.052       0   0.000  0.052 writev
22:40:30    933   0.000       0   0.000  0.000 
22:40:31    936   0.000       0   0.000  0.000 
22:40:32    939   0.037       0   0.000  0.037 writev
22:40:33    933   0.000       0   0.000  0.000 
22:40:34    933   0.000       0   0.000  0.000 
22:40:35    933   0.000       0   0.000  0.000 
22:40:36    932   0.000       0   0.000  0.000 
22:40:37    933   0.000       0   0.000  0.000 
22:40:38    933   0.000       0   0.000  0.000 
22:40:39    932   0.000       0   0.000  0.000 
22:40:40    933   0.000       0   0.000  0.000 
22:40:41    933   0.000       0   0.000  0.000 
22:40:42    933   0.000       0   0.000  0.000 
22:40:43    932   0.000       0   0.000  0.000 
22:40:44    933   0.000       0   0.000  0.000 
22:40:45    932   0.000       0   0.000  0.000 
22:40:46    933   0.000       0   0.000  0.000 
22:40:47    933   0.000       0   0.000  0.000 
22:40:48    932   0.000       0   0.000  0.000 
22:40:49    933   0.000       0   0.000  0.000 
22:40:50    932   0.000       0   0.000  0.000 
22:40:51    932   0.000       0   0.000  0.000 
22:40:52    933   0.000       0   0.000  0.000 
22:40:53    933   0.000       0   0.000  0.000 
22:40:54    932   0.000       0   0.000  0.000 
22:40:55    930   0.000       0   0.000  0.000 
22:40:56    933   0.000       0   0.000  0.000 
22:40:57    932   0.000       0   0.000  0.000 
22:40:58    933   0.000       0   0.000  0.000 
22:40:59    933   0.000       0   0.000  0.000 
22:41:00    932   0.000       0   0.000  0.000 
22:41:01    933   0.000       0   0.000  0.000 
22:41:02    996   0.008       0   0.000  0.001 ioctl
22:41:03   1039   0.034       0   0.000  0.027 writev
22:41:04    932   0.000       0   0.000  0.000 
22:41:05    933   0.000       0   0.000  0.000 
22:41:06    933   0.000       0   0.000  0.000 
22:41:07    933   0.000       0   0.000  0.000 
22:41:08    935   0.000       0   0.000  0.000 
22:41:09    945   0.051       0   0.000  0.051 writev
22:41:10    933   0.000       0   0.000  0.000 
22:41:11    933   0.000       0   0.000  0.000 
22:41:12    933   0.000       0   0.000  0.000 
22:41:13    932   0.000       0   0.000  0.000 
22:41:14    933   0.000       0   0.000  0.000 
22:41:15    932   0.000       0   0.000  0.000 
22:41:16    933   0.000       0   0.000  0.000 
22:41:17    933   0.000       0   0.000  0.000 
22:41:18    932   0.000       0   0.000  0.000 
22:41:19    933   0.000       0   0.000  0.000 
22:41:20    932   0.000       0   0.000  0.000 
22:41:21    933   0.000       0   0.000  0.000 
22:41:22    518   0.000       0   0.000  0.000 
