22:35:23   1019   0.006       2   0.001  0.001 ioctl
22:35:24   1850   0.151       8   0.002  0.144 socket
22:35:25   2311   0.011       2   0.001  0.001 ioctl
22:35:26   2708   0.014       6   0.002  0.001 ioctl
22:35:27   2471   0.005       0   0.000  0.001 ioctl
22:35:28   2676   0.007       0   0.000  0.001 ioctl
22:35:29   2658   0.005       0   0.000  0.000 clone3
22:35:30   2667   0.004       0   0.000  0.000 clone3
22:35:31   2669   0.004       0   0.000  0.000 clone3
22:35:32   2684   0.004       0   0.000  0.000 write
22:35:33   2653   0.004       0   0.000  0.000 write
22:35:34   2521   0.004       0   0.000  0.000 pread64
22:35:35   2512   0.003       0   0.000  0.000 write
22:35:36   2622   0.004       0   0.000  0.000 write
22:35:37   2708   0.004       0   0.000  0.000 write
22:35:38   2619   0.004       0   0.000  0.000 write
22:35:39   2675   0.004       0   0.000  0.000 write
22:35:40   3127   0.018       0   0.000  0.001 ioctl
22:35:41   2798   0.008       0   0.000  0.001 ioctl
22:35:42   2816   0.007       0   0.000  0.001 ioctl
22:35:43   2646   0.005       0   0.000  0.000 write
22:35:44   2636   0.005       0   0.000  0.000 write
22:35:45   2619   0.005       0   0.000  0.000 pread64
22:35:46   2662   0.005       0   0.000  0.000 write
22:35:47   2609   0.005       0   0.000  0.000 fstat
22:35:48   2392   0.004       0   0.000  0.000 write
22:35:49   2581   0.005       0   0.000  0.000 write
22:35:50   2594   0.005       0   0.000  0.000 write
22:35:51   2633   0.005       0   0.000  0.000 write
22:35:52   2736   0.006       0   0.000  0.000 write
22:35:53   2699   0.006       0   0.000  0.000 write
22:35:54   2635   0.005       0   0.000  0.000 write
22:35:55   2702   0.006       0   0.000  0.000 write
22:35:56   2570   0.005       0   0.000  0.000 write
22:35:57   2676   0.006       0   0.000  0.000 clone3
22:35:58   2799   0.006       0   0.000  0.000 fstat
22:35:59   8031   0.112     100   0.028  0.001 ioctl
22:36:00  11299   0.225       6   0.002  0.000 fsync
22:36:01  69884   2.265       3   0.002  0.001 fsync
22:36:02  69176   2.305       6   0.003  0.001 fsync
22:36:03  30761   0.474       6   0.003  0.001 fsync
22:36:04  13015   0.114       6   0.002  0.000 fsync
22:36:05  15574   0.162       6   0.002  0.001 ioctl
22:36:06  43331   0.653       6   0.004  0.001 fsync
22:36:07  42663   0.617       6   0.004  0.001 fsync
22:36:08  49234   0.989       3   0.002  0.002 access
22:36:09  54041   1.117       6   0.004  0.004 access
22:36:10  53905   1.134       6   0.004  0.001 fsync
22:36:11  61319   2.398       6   0.004  0.020 write
22:36:12  66999   2.286       6   0.004  0.001 fsync
22:36:13  65405   2.326       6   0.004  0.001 fsync
22:36:14  26662   0.396       6   0.003  0.001 fsync
22:36:15  17792   0.175       6   0.003  0.001 fsync
22:36:16  17378   0.179       6   0.003  0.001 fsync
22:36:17  41478   0.662       6   0.004  0.001 fsync
22:36:18  42195   0.689       6   0.004  0.001 fsync
22:36:19  44917   0.823       3   0.002  0.003 write
22:36:20  54550   1.244       6   0.004  0.001 fsync
22:36:21  53054   1.117       6   0.004  0.001 fsync
22:36:22  52683   1.088       6   0.004  0.001 fsync
22:36:23  63728   3.451       6   0.004  0.001 fsync
22:36:24  64241   2.335       6   0.004  0.001 fsync
22:36:25  64138   2.337       6   0.004  0.001 fsync
22:36:26  48521   1.348       6   0.004  0.001 fsync
22:36:27  12563   0.115       3   0.001  0.001 fsync
22:36:28  19467   0.199       6   0.003  0.001 fsync
22:36:29  24384   0.287       6   0.003  0.001 fsync
22:36:30  45753   1.722       6   0.004  0.001 fsync
22:36:31  37446   0.687       6   0.003  0.001 fsync
22:36:32  37409   0.704       6   0.003  0.001 fsync
22:36:33  44899   1.747       6   0.004  0.001 fsync
22:36:34  44678   1.185       6   0.003  0.001 fsync
22:36:35  49206   2.293      13   0.005  0.024 openat
22:36:36  53813   3.194       0   0.000  0.000 write
22:36:37  54203   3.808       0   0.000  0.000 write
22:36:38  53808   3.258       0   0.000  0.002 openat
22:36:39  53828   3.310       0   0.000  0.000 write
22:36:40  53545   3.272       4   0.012  0.011 fsync
22:36:41  50354   2.697       0   0.000  0.012 write
22:36:42  43778   1.065       0   0.000  0.004 write
22:36:43  42692   1.065       1   0.101  0.101 fsync
22:36:44  42599   1.063       1   0.102  0.102 fsync
22:36:45  48728   1.764       0   0.000  0.000 write
22:36:46  52081   2.499       0   0.000  0.005 write
22:36:47  51442   2.419       1   0.198  0.198 fsync
22:36:48  53021   2.809       0   0.000  0.000 write
22:36:49  54048   3.735       0   0.000  0.000 openat
22:36:50  53551   3.255       0   0.000  0.000 access
22:36:51  53578   3.236       0   0.000  0.000 openat
22:36:52  53738   3.619       1   0.107  0.107 fsync
22:36:53  53147   3.350       0   0.000  0.000 write
22:36:54  53085   3.294       0   0.000  0.000 write
22:36:55  53369   3.378       0   0.000  0.001 write
22:36:56  53123   3.209       0   0.000  0.001 access
22:36:57  44586   1.150       1   0.107  0.107 fsync
22:36:58  43732   1.106       1   0.102  0.102 fsync
22:36:59  44741   0.993       0   0.000  0.000 write
22:37:00  49593   1.947       1   0.103  0.103 fsync
22:37:01  52187   2.405       0   0.000  0.000 write
22:37:02  52495   2.518       0   0.000  0.000 openat
22:37:03  53863   3.680       0   0.000  0.000 write
22:37:04  53572   3.526       1   0.108  0.108 fsync
22:37:05  53409   3.271       0   0.000  0.000 openat
22:37:06  53165   3.416       0   0.000  0.002 write
22:37:07  53534   3.581       0   0.000  0.000 openat
22:37:08  53408   3.295       0   0.000  0.000 write
22:37:09  53146   3.300       0   0.000  0.003 write
22:37:10  53167   3.412       1   0.014  0.014 fsync
22:37:11  51278   2.297       3   0.003  0.003 fsync
22:37:12  45573   1.084       4   0.102  0.101 fsync
22:37:13  46924   1.199       3   0.002  0.001 fsync
22:37:14  46145   1.441       1   0.101  0.101 fsync
22:37:15  52706   2.819       3   0.002  0.001 fsync
22:37:16  52985   3.088       3   0.002  0.006 write
22:37:17  52887   3.498       3   0.002  0.002 fsync
22:37:18  52953   3.751       7   0.105  0.101 fsync
22:37:19  52404   3.304       3   0.002  0.002 write
22:37:20  52680   3.560       3   0.002  0.002 fsync
22:37:21  52576   3.534       3   0.002  0.002 write
22:37:22  52626   3.446       3   0.003  0.002 fsync
22:37:23  52290   3.296       3   0.002  0.002 fsync
22:37:24  52485   3.422       8   0.014  0.011 fsync
22:37:25  51684   2.851       3   0.002  0.002 fsync
22:37:26  48125   1.209       3   0.045  0.044 fsync
22:37:27  48518   1.306       7   0.104  0.102 fsync
22:37:28  40576   0.936       7   0.102  0.101 fsync
22:37:29  48815   1.590       3   0.002  0.001 fsync
22:37:30  51516   2.091       3   0.002  0.002 fsync
22:37:31  53152   3.016       3   0.066  0.065 fsync
22:37:32  53586   3.379       3   0.002  0.002 fsync
22:37:33  52996   2.786       0   0.000  0.000 write
22:37:34  53012   2.841       3   0.002  0.002 fsync
22:37:35  53095   2.925       3   0.003  0.002 fsync
22:37:36  53030   2.850       3   0.003  0.007 write
22:37:37  52825   2.654       3   0.003  0.002 fsync
22:37:38  52393   2.465       3   0.003  0.002 fsync
22:37:39  40376   0.901       3   0.002  0.002 fsync
22:37:40  37895   0.638       3   0.002  0.001 fsync
22:37:41  31232   0.470       3   0.002  0.001 fsync
22:37:42  46394   1.502       3   0.021  0.022 write
22:37:43  52394   2.134       3   0.002  0.001 fsync
22:37:44  53293   2.747       3   0.002  0.002 fsync
22:37:45  53196   3.177       3   0.002  0.001 fsync
22:37:46  53147   2.974       3   0.002  0.002 fsync
22:37:47  52994   2.850       3   0.002  0.012 write
22:37:48  53147   2.845       3   0.003  0.002 fsync
22:37:49  53114   2.908       3   0.002  0.002 fsync
22:37:50  52875   2.609       3   0.002  0.002 fsync
22:37:51  52468   2.526       0   0.000  0.000 write
22:37:52  44228   1.351       3   0.002  0.005 write
22:37:53  35720   0.583       3   0.002  0.001 fsync
22:37:54  32683   0.540       3   0.002  0.001 fsync
22:37:55  44389   1.204       3   0.002  0.001 fsync
22:37:56  47809   1.749       3   0.002  0.005 write
22:37:57  40898   1.604       8   0.419  0.416 fsync
22:37:58  45625   1.383       6   0.004  0.001 fsync
22:37:59  52230   1.969       6   0.004  0.001 fsync
22:38:00  51991   1.832       6   0.004  0.001 fsync
22:38:01  49987   2.466       3   0.002  0.001 fsync
22:38:02  52658   4.292       6   0.004  0.001 fsync
22:38:03  56246   5.331       6   0.004  0.001 fsync
22:38:04  55859   5.572       6   0.005  0.001 fsync
22:38:05  55978   5.451       3   0.002  0.001 fsync
22:38:06  55715   5.323       6   0.005  0.001 fsync
22:38:07  55585   5.426       6   0.004  0.001 fsync
22:38:08  56187   6.124       3   0.002  0.001 fsync
22:38:09  56169   6.412       6   0.004  0.002 openat
22:38:10  56790   6.756       6   0.005  0.002 write
22:38:11  57451   6.862       3   0.003  0.007 access
22:38:12  55651   5.384       6   0.003  0.016 write
22:38:13  55368   4.599       3   0.002  0.001 fsync
22:38:14  56151   4.861       6   0.004  0.001 fsync
22:38:15  55602   5.052       3   0.002  0.001 fsync
22:38:16  55883   5.238       6   0.005  0.002 fsync
22:38:17  56358   4.941       6   0.004  0.002 fsync
22:38:18  55549   5.266       3   0.003  0.002 fsync
22:38:19  55033   4.568       3   0.001  0.001 fsync
22:38:20  55123   4.359       6   0.004  0.002 fsync
22:38:21  56275   5.404       6   0.004  0.002 fsync
22:38:22  54302   4.468       3   0.002  0.002 fsync
22:38:23  56808   4.953       6   0.005  0.001 fsync
22:38:24  55909   4.934       3   0.002  0.001 fsync
22:38:25  54390   4.214       6   0.004  0.001 fsync
22:38:26  54496   3.788       3   0.002  0.001 fsync
22:38:27  56008   5.162       6   0.004  0.001 fsync
22:38:28  53998   4.873       6   0.004  0.002 fsync
22:38:29  54955   4.240       3   0.002  0.001 fsync
22:38:30  56190   5.303       3   0.002  0.001 fsync
22:38:31  56326   5.418       6   0.004  0.002 fsync
22:38:32  55597   4.664       6   0.004  0.002 fsync
22:38:33  55711   4.813       6   0.004  0.002 fsync
22:38:34  55770   4.762       0   0.000  0.001 fstat
22:38:35  55421   4.999       6   0.004  0.002 fsync
22:38:36  55775   4.471       6   0.004  0.002 fsync
22:38:37  56683   5.341       3   0.002  0.002 fsync
22:38:38  55680   4.507       6   0.004  0.001 fsync
22:38:39  55876   6.342       3   0.002  0.003 close
22:38:40  57132   6.131       4   0.004  0.002 fsync
22:38:41  56663   5.761       0   0.000  0.003 close
22:38:42  55728   5.263       8   0.008  0.013 write
22:38:43  56199   5.559       8   0.005  0.002 munmap
22:38:44  56067   5.350       0   0.000  0.001 access
22:38:45  57011   5.680       3   0.003  0.002 fsync
22:38:46  57076   6.421       6   0.004  0.002 munmap
22:38:47  56694   6.519       3   0.003  0.002 fsync
22:38:48  56729   5.920       5   0.004  0.002 mprotect
22:38:49  56349   6.285       5   0.004  0.002 fsync
22:38:50  57147   6.793      13   0.009  0.002 fsync
22:38:51  56912   7.163      12   0.007  0.002 fsync
22:38:52  57011   7.703       4   0.003  0.002 fsync
22:38:53  56758   7.435       0   0.000  0.000 access
22:38:54  56544   7.790       5   0.004  0.002 fsync
22:38:55  56685   7.161       4   0.003  0.002 fsync
22:38:56  56001   7.037       6   0.004  0.002 fsync
22:38:57  56801   7.527       6   0.005  0.002 fsync
22:38:58  56964   7.504       2   0.002  0.002 munmap
22:38:59  56960   7.501      28   0.016  0.002 munmap
22:39:00  57066   6.919       6   0.004  0.001 fsync
22:39:01  56571   7.590       1   0.006  0.006 fsync
22:39:02  56261   5.252       7   0.008  0.004 munmap
22:39:03  52400   3.747       4   0.003  0.002 munmap
22:39:04  47920   1.150      18   0.107  0.100 fsync
22:39:05  47484   1.130      31   0.015  0.005 munmap
22:39:06  48005   1.111       7   0.006  0.004 munmap
22:39:07  45262   1.193      28   0.159  0.100 fsync
22:39:08  48563   1.110       7   0.004  0.002 fsync
22:39:09  49564   1.237       8   0.186  0.101 fsync
22:39:10  49228   1.098       8   0.006  0.002 madvise
22:39:11  42050   0.880       1   0.100  0.100 fsync
22:39:12  41162   0.730       0   0.000  0.000 pread64
22:39:13  38593   0.792       5   0.124  0.112 fsync
22:39:14  39886   0.698       0   0.000  0.000 writev
22:39:15  39782   0.718       1   0.019  0.019 fsync
22:39:16  39700   0.709       1   0.018  0.018 fsync
22:39:17  40245   0.714       1   0.018  0.018 fsync
22:39:18  42227   0.724       1   0.025  0.025 fsync
22:39:19  40119   0.690       0   0.000  0.000 pread64
22:39:20  41085   0.710       1   0.019  0.019 fsync
22:39:21  41808   0.711       1   0.019  0.019 fsync
22:39:22  43068   0.719       1   0.020  0.020 fsync
22:39:23  41963   0.702       0   0.000  0.000 pread64
22:39:24  41578   0.778       1   0.098  0.098 fsync
22:39:25  40704   0.770       1   0.101  0.101 fsync
22:39:26  40569   0.774       1   0.100  0.100 fsync
22:39:27  40370   0.709       0   0.000  0.000 write
22:39:28  38827   0.773       1   0.101  0.101 fsync
22:39:29  39174   0.774       1   0.101  0.101 fsync
22:39:30  41519   0.726       0   0.000  0.001 ioctl
22:39:31  40243   0.765       1   0.101  0.101 fsync
22:39:32  39751   0.766       1   0.101  0.101 fsync
22:39:33  41300   0.777       1   0.101  0.101 fsync
22:39:34  44643   0.748       0   0.000  0.001 ioctl
22:39:35  43402   0.790       1   0.101  0.101 fsync
22:39:36  43389   0.778       1   0.100  0.100 fsync
22:39:37  43434   0.784       1   0.101  0.101 fsync
22:39:38  45984   0.723       0   0.000  0.000 pread64
22:39:39  42828   0.800       1   0.100  0.100 fsync
22:39:40  43150   0.811       1   0.100  0.100 fsync
22:39:41  27099   1.010       3   0.512  0.412 fsync
22:39:42  28110   0.420       1   0.100  0.100 fsync
22:39:43  27845   0.420       1   0.100  0.100 fsync
22:39:44  28453   0.421       1   0.100  0.100 fsync
22:39:45  28287   0.427       1   0.100  0.100 fsync
22:39:46  25857   0.472       4   0.116  0.100 fsync
22:39:47  31139   0.423       2   0.100  0.100 fsync
22:39:48  27449   0.429       1   0.100  0.100 fsync
22:39:49  29568   0.410       4   0.072  0.071 fsync
22:39:50  27866   0.427       1   0.100  0.100 fsync
22:39:51  27498   0.427       1   0.100  0.100 fsync
22:39:52  28327   0.426       1   0.100  0.100 fsync
22:39:53  38659   0.648      28   0.063  0.049 fsync
22:39:54  44330   0.740       6   0.109  0.100 fsync
22:39:55  27605   0.440       5   0.102  0.100 fsync
22:39:56  27240   0.432       1   0.100  0.100 fsync
22:39:57  28132   0.332       0   0.000  0.000 write
22:39:58  28663   0.429       1   0.100  0.100 fsync
22:39:59  31903   0.516       6   0.202  0.100 fsync
22:40:00  27875   0.429       1   0.100  0.100 fsync
22:40:01  27619   0.431      11   0.103  0.100 fsync
22:40:02  44767   0.682      23   0.016  0.006 munmap
22:40:03  40719   0.610       6   0.105  0.100 fsync
22:40:04  27669   0.440       1   0.100  0.100 fsync
22:40:05  28470   0.435       1   0.100  0.100 fsync
22:40:06  28836   0.403       4   0.062  0.061 fsync
22:40:07  27938   0.427       1   0.100  0.100 fsync
22:40:08  27381   0.428       5   0.102  0.100 fsync
22:40:09  27118   0.425       1   0.100  0.100 fsync
22:40:10  27685   0.434       1   0.100  0.100 fsync
22:40:11  44929   0.680      28   0.071  0.055 fsync
22:40:12  41949   0.666       6   0.106  0.102 fsync
22:40:13  27179   0.430       1   0.100  0.100 fsync
22:40:14  28017   0.427       1   0.100  0.100 fsync
22:40:15  28445   0.430       1   0.100  0.100 fsync
22:40:16  29883   0.368       4   0.019  0.019 fsync
22:40:17  27547   0.424       1   0.100  0.100 fsync
22:40:18  27876   0.423       1   0.101  0.101 fsync
22:40:19  26864   0.455       5   0.148  0.100 fsync
22:40:20  28585   0.426       1   0.101  0.101 fsync
22:40:21  28013   0.420       1   0.100  0.100 fsync
22:40:22  29395   0.554      29   0.113  0.101 fsync
22:40:23  42577   0.651      10   0.010  0.003 fsync
22:40:24  33423   0.481       1   0.100  0.100 fsync
22:40:25  27186   0.476       5   0.164  0.100 fsync
22:40:26  28624   0.421       1   0.100  0.100 fsync
22:40:27  30858   0.421       1   0.100  0.100 fsync
22:40:28  30814   0.497      23   0.105  0.098 fsync
22:40:29  39134   0.657      10   0.012  0.006 munmap
22:40:30  30859   0.487       6   0.113  0.100 fsync
22:40:31  29054   0.440       1   0.100  0.100 fsync
22:40:32  27123   0.469       5   0.136  0.100 fsync
22:40:33  27527   0.423       1   0.100  0.100 fsync
22:40:34  27734   0.424       1   0.100  0.100 fsync
22:40:35  28227   0.458       5   0.137  0.101 fsync
22:40:36  28323   0.330       0   0.000  0.000 write
22:40:37  27880   0.426       1   0.100  0.100 fsync
22:40:38  26892   0.415       1   0.100  0.100 fsync
22:40:39  26668   0.417       1   0.100  0.100 fsync
22:40:40  26031   0.416       1   0.101  0.101 fsync
22:40:41  27166   0.414       1   0.100  0.100 fsync
22:40:42  26875   0.413       1   0.100  0.100 fsync
22:40:43  29317   0.410       1   0.101  0.101 fsync
22:40:44  30262   0.411       1   0.100  0.100 fsync
22:40:45  30056   0.408       1   0.101  0.101 fsync
22:40:46  28951   0.411       1   0.101  0.101 fsync
22:40:47  28291   0.411       1   0.101  0.101 fsync
22:40:48  27294   0.414       1   0.101  0.101 fsync
22:40:49  26723   0.415       1   0.100  0.100 fsync
22:40:50  28278   0.411       1   0.101  0.101 fsync
22:40:51  26720   0.414       1   0.101  0.101 fsync
22:40:52  28615   0.414       1   0.101  0.101 fsync
22:40:53  27964   0.414       1   0.101  0.101 fsync
22:40:54  26789   0.419       1   0.101  0.101 fsync
22:40:55  27143   0.418       1   0.101  0.101 fsync
22:40:56  27209   0.419       1   0.100  0.100 fsync
22:40:57  32438   0.411       1   0.100  0.100 fsync
22:40:58  28570   0.418       1   0.100  0.100 fsync
22:40:59  28521   0.419       1   0.100  0.100 fsync
22:41:00  29993   0.419       1   0.100  0.100 fsync
22:41:01  26651   0.427       1   0.100  0.100 fsync
22:41:02  26476   0.582      19   0.124  0.101 fsync
22:41:03  47089   0.699      10   0.015  0.006 munmap
22:41:04  32571   0.505       2   0.200  0.100 fsync
22:41:05  31925   0.382       4   0.074  0.073 fsync
22:41:06  31762   0.389       1   0.100  0.100 fsync
22:41:07  31524   0.387       1   0.100  0.100 fsync
22:41:08  39044   0.566      40   0.168  0.101 fsync
22:41:09  36520   0.416      10   0.102  0.100 fsync
22:41:10  73453   0.666       7   0.103  0.100 fsync
22:41:11  62511   0.469      10   0.004  0.002 munmap
22:41:12  35195   0.458      14   0.212  0.100 fsync
22:41:13  39618   0.433      12   0.104  0.100 fsync
22:41:14  42036   0.475      33   0.111  0.100 fsync
22:41:15  38726   0.573      18   0.203  0.100 fsync
22:41:16  33639   0.442      12   0.106  0.100 fsync
22:41:17  31402   0.488       5   0.201  0.100 fsync
22:41:18  34753   0.430       6   0.102  0.100 fsync
22:41:19  35334   0.354       4   0.065  0.065 fsync
22:41:20  31224   0.513      27   0.212  0.104 fsync
22:41:21  48066   0.576      18   0.111  0.100 fsync
22:41:22  26784   0.337       1   0.100  0.100 fsync
