tid  calls  work_s  (top work syscalls)
1965261  685666    1.478  write=1.48
1965461  259750    0.975 
1965250     323    0.622  writev=0.61
1965247   45444    0.436 
1965460   84917    0.319 
1965249   28614    0.258 
1965492   21455    0.236 
1965493   21372    0.232 
1965486   21370    0.230 
1965491   21255    0.217 
1965489   21370    0.216 
1965465   21597    0.216 
1965464   21246    0.215 
1965490   21423    0.214 
1965466   21537    0.214 
1965480   21464    0.213 
1965474   21379    0.212 
1965469   21429    0.212 
1965485   21372    0.211 
1965470   21371    0.211 
1965488   21504    0.210 
1965487   21436    0.210 
1965481   21454    0.210 
1965479   21428    0.210 
1965484   21397    0.209 
1965478   21386    0.209 
1965468   21346    0.209 
1965482   21456    0.208 
1965471   21498    0.208 
1965483   21352    0.207 
