22:35:41   1307   0.009       0   0.000  0.001 ioctl
22:35:42    949   0.000       0   0.000  0.000 writev
22:35:43    935   0.000       0   0.000  0.000 
22:35:44    935   0.000       0   0.000  0.000 
22:35:45    934   0.000       0   0.000  0.000 
22:35:46    935   0.000       0   0.000  0.000 
22:35:47    934   0.000       0   0.000  0.000 
22:35:48    935   0.000       0   0.000  0.000 
22:35:49    934   0.000       0   0.000  0.000 
22:35:50    935   0.000       0   0.000  0.000 
22:35:51    934   0.000       0   0.000  0.000 
22:35:52    934   0.000       0   0.000  0.000 
22:35:53    934   0.000       0   0.000  0.000 
22:35:54    934   0.000       0   0.000  0.000 
22:35:55    935   0.000       0   0.000  0.000 
22:35:56    934   0.000       0   0.000  0.000 
22:35:57    934   0.000       0   0.000  0.000 
22:35:58   1268   0.003       0   0.000  0.001 ioctl
22:35:59  10420   0.068       0   0.000  0.001 ioctl
22:36:00  17159   0.118       0   0.000  0.000 clone3
22:36:01  24015   0.160       0   0.000  0.000 mprotect
22:36:02  15453   0.085       0   0.000  0.000 write
22:36:03   7992   0.025       0   0.000  0.001 ioctl
22:36:04   7477   0.017       0   0.000  0.000 write
22:36:05   7453   0.022       0   0.000  0.001 ioctl
22:36:06   8669   0.028       0   0.000  0.001 ioctl
22:36:07   8361   0.020       0   0.000  0.000 write
22:36:08   8652   0.029       0   0.000  0.001 ioctl
22:36:09   8138   0.016       0   0.000  0.000 write
22:36:10   7772   0.018       0   0.000  0.000 getsockopt
22:36:11  10090   0.034       0   0.000  0.001 ioctl
22:36:12   9690   0.028       0   0.000  0.000 write
22:36:13   8791   0.022       0   0.000  0.000 fstat
22:36:14   9278   0.029       0   0.000  0.001 ioctl
22:36:15   8085   0.021       0   0.000  0.000 write
22:36:16   8834   0.024       0   0.000  0.000 write
22:36:17   9744   0.031       0   0.000  0.001 ioctl
22:36:18   8386   0.019       0   0.000  0.000 write
22:36:19   7828   0.020       0   0.000  0.000 write
22:36:20   9697   0.034       0   0.000  0.001 ioctl
22:36:21   7931   0.024       0   0.000  0.000 mprotect
22:36:22   6991   0.017       0   0.000  0.000 write
22:36:23  10589   0.036       0   0.000  0.001 ioctl
22:36:24   9536   0.027       0   0.000  0.000 write
22:36:25   9285   0.024       0   0.000  0.000 write
22:36:26  10883   0.037       0   0.000  0.001 ioctl
22:36:27   7404   0.021       0   0.000  0.000 write
22:36:28   9282   0.023       0   0.000  0.000 write
22:36:29   9300   0.023       0   0.000  0.000 fstat
22:36:30  13423   0.746       0   0.000  0.009 socket
22:36:31   7211   0.025       0   0.000  0.000 write
22:36:32   7278   0.026       0   0.000  0.000 write
22:36:33   8017   0.057       0   0.000  0.001 ioctl
22:36:34   6512   0.023       0   0.000  0.000 write
22:36:35   6716   0.024       0   0.000  0.000 fstat
22:36:36   6650   0.023       0   0.000  0.000 write
22:36:37   9466   0.058       0   0.000  0.000 write
22:36:38   6693   0.019       0   0.000  0.000 write
22:36:39   9736   0.053       0   0.000  0.000 getsockopt
22:36:40   8342   0.038       0   0.000  0.000 write
22:36:41   9484   0.055       0   0.000  0.000 getsockopt
22:36:42  11305   0.071       0   0.000  0.002 write
22:36:43   9818   0.058       0   0.000  0.000 write
22:36:44   6697   0.023       0   0.000  0.000 write
22:36:45   6541   0.022       0   0.000  0.000 write
22:36:46  10404   0.050       0   0.000  0.000 getsockopt
22:36:47   7377   0.021       0   0.000  0.000 getsockopt
22:36:48   8809   0.039       0   0.000  0.000 mmap
22:36:49   6006   0.016       0   0.000  0.000 write
22:36:50   6645   0.021       0   0.000  0.000 write
22:36:51   6775   0.018       0   0.000  0.000 write
22:36:52   7023   0.016       0   0.000  0.000 write
22:36:53   6708   0.016       0   0.000  0.000 write
22:36:54   6830   0.019       0   0.000  0.000 write
22:36:55   9806   0.057       0   0.000  0.000 write
22:36:56   8476   0.036       0   0.000  0.000 getsockopt
22:36:57   7275   0.019       0   0.000  0.000 write
22:36:58   7232   0.021       0   0.000  0.000 write
22:36:59   7921   0.023       0   0.000  0.000 write
22:37:00   6740   0.021       0   0.000  0.000 write
22:37:01   7485   0.018       0   0.000  0.000 write
22:37:02   9074   0.037       0   0.000  0.000 fstat
22:37:03   7915   0.038       0   0.000  0.000 fstat
22:37:04   6541   0.018       0   0.000  0.000 write
22:37:05   6780   0.020       0   0.000  0.000 write
22:37:06   7027   0.018       0   0.000  0.000 write
22:37:07   6153   0.016       0   0.000  0.000 getsockopt
22:37:08   6747   0.016       0   0.000  0.000 write
22:37:09   6817   0.017       0   0.000  0.000 write
22:37:10   8769   0.037       0   0.000  0.000 fstat
22:37:11   6919   0.019       0   0.000  0.000 write
22:37:12   8033   0.024       0   0.000  0.000 write
22:37:13   9778   0.041       0   0.000  0.000 fstat
22:37:14   7702   0.022       0   0.000  0.000 write
22:37:15   9806   0.045       0   0.000  0.000 write
22:37:16   9843   0.048       0   0.000  0.000 getsockopt
22:37:17   6109   0.020       0   0.000  0.000 write
22:37:18   6048   0.018       0   0.000  0.000 write
22:37:19   6609   0.018       0   0.000  0.000 write
22:37:20   8337   0.038       0   0.000  0.000 write
22:37:21   6240   0.019       0   0.000  0.000 write
22:37:22   6287   0.020       0   0.000  0.000 write
22:37:23   6546   0.019       0   0.000  0.000 fstat
22:37:24  10111   0.058       0   0.000  0.000 write
22:37:25   6761   0.020       0   0.000  0.000 write
22:37:26   7771   0.023       0   0.000  0.000 write
22:37:27  11527   0.061       0   0.000  0.000 fstat
22:37:28   7556   0.023       0   0.000  0.000 write
22:37:29   9261   0.043       0   0.000  0.000 fstat
22:37:30   9960   0.040       0   0.000  0.000 fstat
22:37:31   8646   0.036       0   0.000  0.000 getsockopt
22:37:32   8056   0.037       0   0.000  0.000 fstat
22:37:33   7262   0.022       0   0.000  0.000 write
22:37:34   7433   0.027       0   0.000  0.004 write
22:37:35   6902   0.021       0   0.000  0.000 write
22:37:36   7180   0.019       0   0.000  0.000 write
22:37:37   9776   0.043       0   0.000  0.000 write
22:37:38   7429   0.024       0   0.000  0.000 write
22:37:39   9001   0.038       0   0.000  0.000 write
22:37:40  10171   0.044       0   0.000  0.000 getsockopt
22:37:41   8038   0.021       0   0.000  0.000 write
22:37:42   7419   0.022       0   0.000  0.000 write
22:37:43  10014   0.044       0   0.000  0.000 fstat
22:37:44   7273   0.022       0   0.000  0.000 fstat
22:37:45   6515   0.020       0   0.000  0.000 write
22:37:46   9108   0.045       0   0.000  0.000 getsockopt
22:37:47   7116   0.023       0   0.000  0.000 write
22:37:48   6886   0.022       0   0.000  0.000 mprotect
22:37:49   8569   0.041       0   0.000  0.000 getsockopt
22:37:50  11367   0.066       0   0.000  0.000 write
22:37:51   7616   0.024       0   0.000  0.000 write
22:37:52   7270   0.020       0   0.000  0.000 write
22:37:53   8684   0.025       0   0.000  0.000 write
22:37:54   9638   0.041       0   0.000  0.000 fstat
22:37:55   7480   0.025       0   0.000  0.004 getsockopt
22:37:56   9082   0.040       0   0.000  0.000 fstat
22:37:57   6673   0.018       0   0.000  0.000 write
22:37:58   7833   0.035       0   0.000  0.000 write
22:37:59  10321   0.056       0   0.000  0.000 fstat
22:38:00  11983   0.085       0   0.000  0.000 fstat
22:38:01  49194   0.510       0   0.000  0.000 fstat
22:38:02  40233   0.339       0   0.000  0.000 fstat
22:38:03  41234   0.334       0   0.000  0.000 getsockopt
22:38:04  41339   0.328       0   0.000  0.000 getsockopt
22:38:05  41731   0.338       0   0.000  0.000 fstat
22:38:06  41851   0.340       0   0.000  0.000 fstat
22:38:07  42437   0.351       0   0.000  0.000 fstat
22:38:08  36250   0.284       0   0.000  0.000 getsockopt
22:38:09  31598   0.243       0   0.000  0.000 getsockopt
22:38:10  28026   0.219       0   0.000  0.008 write
22:38:11  21655   0.151       0   0.000  0.000 getsockopt
22:38:12  17801   0.136       0   0.000  0.000 fstat
22:38:13  18702   0.130       0   0.000  0.000 fstat
22:38:14  18761   0.134       0   0.000  0.000 getsockopt
22:38:15  18367   0.127       0   0.000  0.000 getsockopt
22:38:16  14511   0.102       0   0.000  0.000 getsockopt
22:38:17  15432   0.115       0   0.000  0.000 fstat
22:38:18  13994   0.106       0   0.000  0.000 getsockopt
22:38:19  15295   0.105       0   0.000  0.000 getsockopt
22:38:20  13955   0.092       0   0.000  0.000 fstat
22:38:21  15418   0.125       0   0.000  0.000 getsockopt
22:38:22  13965   0.101       0   0.000  0.000 getsockopt
22:38:23  15410   0.110       0   0.000  0.000 fstat
22:38:24  15071   0.112       0   0.000  0.000 fstat
22:38:25  14042   0.106       0   0.000  0.000 getsockopt
22:38:26  13958   0.104       0   0.000  0.000 getsockopt
22:38:27  14431   0.103       0   0.000  0.000 fstat
22:38:28  14984   0.105       0   0.000  0.000 getsockopt
22:38:29  13906   0.103       0   0.000  0.002 fstat
22:38:30  15252   0.117       0   0.000  0.000 getsockopt
22:38:31  14192   0.106       0   0.000  0.000 getsockopt
22:38:32  15176   0.112       0   0.000  0.000 fstat
22:38:33  14188   0.096       0   0.000  0.000 getsockopt
22:38:34  15192   0.113       0   0.000  0.000 fstat
22:38:35  13973   0.102       0   0.000  0.000 getsockopt
22:38:36  14865   0.108       0   0.000  0.000 fstat
22:38:37  14220   0.095       0   0.000  0.000 fstat
22:38:38  14100   0.106       0   0.000  0.000 fstat
22:38:39   1153   0.032       0   0.000  0.030 writev
22:38:40    926   0.000       0   0.000  0.000 
22:38:41    926   0.000       0   0.000  0.000 
22:38:42    926   0.000       0   0.000  0.000 
22:38:43    926   0.000       0   0.000  0.000 
22:38:44    927   0.000       0   0.000  0.000 
22:38:45    925   0.000       0   0.000  0.000 
22:38:46    926   0.000       0   0.000  0.000 
22:38:47    926   0.000       0   0.000  0.000 
22:38:48    931   0.000       0   0.000  0.000 
22:38:49    932   0.000       0   0.000  0.000 
22:38:50    932   0.000       0   0.000  0.000 
22:38:51    932   0.000       0   0.000  0.000 
22:38:52    932   0.000       0   0.000  0.000 
22:38:53    933   0.000       0   0.000  0.000 
22:38:54    932   0.000       0   0.000  0.000 
22:38:55    932   0.000       0   0.000  0.000 
22:38:56    933   0.000       0   0.000  0.000 
22:38:57    932   0.000       0   0.000  0.000 
22:38:58    945   0.004       0   0.000  0.002 munmap
22:38:59    932   0.000       0   0.000  0.000 
22:39:00    933   0.000       0   0.000  0.000 
22:39:01    932   0.000       0   0.000  0.000 
22:39:02    932   0.000       0   0.000  0.000 
22:39:03    932   0.000       0   0.000  0.000 
22:39:04    933   0.000       0   0.000  0.000 
22:39:05    932   0.000       0   0.000  0.000 
22:39:06    933   0.000       0   0.000  0.000 
22:39:07    932   0.000       0   0.000  0.000 
22:39:08    932   0.000       0   0.000  0.000 
22:39:09    932   0.000       0   0.000  0.000 
22:39:10    933   0.000       0   0.000  0.000 
22:39:11    932   0.000       0   0.000  0.000 
22:39:12    932   0.000       0   0.000  0.000 
22:39:13    933   0.000       0   0.000  0.000 
22:39:14    932   0.000       0   0.000  0.000 
22:39:15    933   0.000       0   0.000  0.000 
22:39:16    932   0.000       0   0.000  0.000 
22:39:17    933   0.000       0   0.000  0.000 
22:39:18    932   0.000       0   0.000  0.000 
22:39:19    932   0.000       0   0.000  0.000 
22:39:20    933   0.000       0   0.000  0.000 
22:39:21    932   0.000       0   0.000  0.000 
22:39:22    933   0.000       0   0.000  0.000 
22:39:23    932   0.000       0   0.000  0.000 
22:39:24    932   0.000       0   0.000  0.000 
22:39:25    932   0.000       0   0.000  0.000 
22:39:26    933   0.000       0   0.000  0.000 
22:39:27    932   0.000       0   0.000  0.000 
22:39:28    932   0.000       0   0.000  0.000 
22:39:29    933   0.000       0   0.000  0.000 
22:39:30    932   0.000       0   0.000  0.000 
22:39:31    933   0.000       0   0.000  0.000 
22:39:32    932   0.000       0   0.000  0.000 
22:39:33    932   0.000       0   0.000  0.000 
22:39:34    933   0.000       0   0.000  0.000 
22:39:35    941   0.054       0   0.000  0.054 writev
22:39:36    932   0.000       0   0.000  0.000 
22:39:37    933   0.000       0   0.000  0.000 
22:39:38    932   0.000       0   0.000  0.000 
22:39:39    932   0.000       0   0.000  0.000 
22:39:40    933   0.000       0   0.000  0.000 
22:39:41    932   0.000       0   0.000  0.000 
22:39:42    933   0.000       0   0.000  0.000 
22:39:43    932   0.000       0   0.000  0.000 
22:39:44    932   0.000       0   0.000  0.000 
22:39:45    932   0.000       0   0.000  0.000 
22:39:46    933   0.000       0   0.000  0.000 
22:39:47    932   0.000       0   0.000  0.000 
22:39:48    932   0.000       0   0.000  0.000 
22:39:49    932   0.000       0   0.000  0.000 
22:39:50    933   0.000       0   0.000  0.000 
22:39:51    932   0.000       0   0.000  0.000 
22:39:52    933   0.000       0   0.000  0.000 
22:39:53    960   0.037       0   0.000  0.032 writev
22:39:54    950   0.031       0   0.000  0.031 writev
22:39:55    942   0.053       0   0.000  0.053 writev
22:39:56    933   0.000       0   0.000  0.000 
22:39:57    932   0.000       0   0.000  0.000 
22:39:58    933   0.000       0   0.000  0.000 
22:39:59    932   0.000       0   0.000  0.000 
22:40:00    933   0.000       0   0.000  0.000 
22:40:01    932   0.000       0   0.000  0.000 
22:40:02    947   0.034       0   0.000  0.034 writev
22:40:03    933   0.000       0   0.000  0.000 
22:40:04    942   0.051       0   0.000  0.051 writev
22:40:05    932   0.000       0   0.000  0.000 
22:40:06    932   0.000       0   0.000  0.000 
22:40:07    933   0.000       0   0.000  0.000 
22:40:08    932   0.000       0   0.000  0.000 
22:40:09    933   0.000       0   0.000  0.000 
22:40:10    932   0.000       0   0.000  0.000 
22:40:11    935   0.000       0   0.000  0.000 
22:40:12    945   0.036       0   0.000  0.036 writev
22:40:13    935   0.000       0   0.000  0.000 
22:40:14    939   0.049       0   0.000  0.049 writev
22:40:15    933   0.000       0   0.000  0.000 
22:40:16    932   0.000       0   0.000  0.000 
22:40:17    933   0.000       0   0.000  0.000 
22:40:18    932   0.000       0   0.000  0.000 
22:40:19    933   0.000       0   0.000  0.000 
22:40:20    932   0.000       0   0.000  0.000 
22:40:21    933   0.000       0   0.000  0.000 
22:40:22    935   0.000       0   0.000  0.000 
22:40:23    945   0.043       0   0.000  0.043 writev
22:40:24    935   0.000       0   0.000  0.000 
22:40:25    940   0.062       0   0.000  0.062 writev
22:40:26    933   0.000       0   0.000  0.000 
22:40:27    932   0.000       0   0.000  0.000 
22:40:28    933   0.000       0   0.000  0.000 
22:40:29    948   0.043       0   0.000  0.043 writev
22:40:30    932   0.000       0   0.000  0.000 
22:40:31    935   0.000       0   0.000  0.000 
22:40:32    939   0.043       0   0.000  0.043 writev
22:40:33    933   0.000       0   0.000  0.000 
22:40:34    932   0.000       0   0.000  0.000 
22:40:35    933   0.000       0   0.000  0.000 
22:40:36    932   0.000       0   0.000  0.000 
22:40:37    933   0.000       0   0.000  0.000 
22:40:38    932   0.000       0   0.000  0.000 
22:40:39    933   0.000       0   0.000  0.000 
22:40:40    932   0.000       0   0.000  0.000 
22:40:41    932   0.000       0   0.000  0.000 
22:40:42    933   0.000       0   0.000  0.000 
22:40:43    932   0.000       0   0.000  0.000 
22:40:44    931   0.000       0   0.000  0.000 
22:40:45    933   0.000       0   0.000  0.000 
22:40:46    932   0.000       0   0.000  0.000 
22:40:47    932   0.000       0   0.000  0.000 
22:40:48    933   0.000       0   0.000  0.000 
22:40:49    932   0.000       0   0.000  0.000 
22:40:50    932   0.000       0   0.000  0.000 
22:40:51    933   0.000       0   0.000  0.000 
22:40:52    933   0.000       0   0.000  0.000 
22:40:53    932   0.000       0   0.000  0.000 
22:40:54    933   0.000       0   0.000  0.000 
22:40:55    932   0.000       0   0.000  0.000 
22:40:56    933   0.000       0   0.000  0.000 
22:40:57    932   0.000       0   0.000  0.000 
22:40:58    932   0.000       0   0.000  0.000 
22:40:59    933   0.000       0   0.000  0.000 
22:41:00    932   0.000       0   0.000  0.000 
22:41:01    933   0.000       0   0.000  0.000 
22:41:02   1046   0.013       0   0.000  0.001 ioctl
22:41:03    991   0.046       0   0.000  0.045 writev
22:41:04    944   0.030       0   0.000  0.030 writev
22:41:05    932   0.000       0   0.000  0.000 
22:41:06    932   0.000       0   0.000  0.000 
22:41:07    932   0.000       0   0.000  0.000 
22:41:08    932   0.000       0   0.000  0.000 
22:41:09    942   0.036       0   0.000  0.036 writev
22:41:10    932   0.000       0   0.000  0.000 
22:41:11    937   0.002       0   0.000  0.002 munmap
22:41:12   1059   0.003       0   0.000  0.003 munmap
22:41:13    926   0.000       0   0.000  0.000 
22:41:14    929   0.000       0   0.000  0.000 
22:41:15    933   0.000       0   0.000  0.000 
22:41:16    932   0.000       0   0.000  0.000 
22:41:17    932   0.000       0   0.000  0.000 
22:41:18    932   0.000       0   0.000  0.000 
22:41:19    933   0.000       0   0.000  0.000 
22:41:20    931   0.000       0   0.000  0.000 
22:41:21    933   0.000       0   0.000  0.000 
22:41:22    512   0.000       0   0.000  0.000 
