tid  calls  work_s  (top work syscalls)
1871325  684991    1.529  write=1.53
1871527  283822    1.015  getsockopt=0.51
1871526  151197    0.518 
1871314     376    0.438 
1871313   48549    0.351 
1871311   24544    0.249 
1871556   21361    0.212 
1871552   21351    0.209 
1871558   21412    0.206 
1871539   21367    0.206 
1871560   21334    0.204 
1871559   21278    0.203 
1871555   21322    0.203 
1871557   21316    0.201 
1871551   21357    0.201 
1871550   21376    0.200 
1871532   21258    0.200 
1871542   21350    0.199 
1871541   21402    0.199 
1871554   21455    0.198 
1871546   21331    0.197 
1871544   21325    0.197 
1871553   21366    0.196 
1871549   21344    0.196 
1871543   21383    0.196 
1871535   21389    0.196 
1871533   21360    0.196 
1871548   21315    0.195 
1871545   21320    0.195 
1871530   21289    0.195 
