22:35:40    540   0.009       0   0.000  0.001 ioctl
22:35:41    934   0.000       0   0.000  0.000 
22:35:42    950   0.000       0   0.000  0.000 writev
22:35:43    934   0.000       0   0.000  0.000 
22:35:44    935   0.000       0   0.000  0.000 
22:35:45    934   0.000       0   0.000  0.000 
22:35:46    935   0.000       0   0.000  0.000 
22:35:47    934   0.000       0   0.000  0.000 
22:35:48    934   0.000       0   0.000  0.000 
22:35:49    934   0.000       0   0.000  0.000 
22:35:50    935   0.000       0   0.000  0.000 
22:35:51    934   0.000       0   0.000  0.000 
22:35:52    934   0.000       0   0.000  0.000 
22:35:53    935   0.000       0   0.000  0.000 
22:35:54    934   0.000       0   0.000  0.000 
22:35:55    935   0.000       0   0.000  0.000 
22:35:56    934   0.000       0   0.000  0.000 
22:35:57    933   0.000       0   0.000  0.000 
22:35:58    935   0.000       0   0.000  0.000 
22:35:59   9535   0.061       0   0.000  0.001 ioctl
22:36:00  17262   0.131       0   0.000  0.001 ioctl
22:36:01  23453   0.163       0   0.000  0.000 mprotect
22:36:02  14097   0.077       0   0.000  0.000 mprotect
22:36:03   9563   0.042       0   0.000  0.001 ioctl
22:36:04   8347   0.022       0   0.000  0.000 write
22:36:05   8271   0.023       0   0.000  0.000 write
22:36:06   9752   0.033       0   0.000  0.001 ioctl
22:36:07   8218   0.024       0   0.000  0.000 write
22:36:08   8277   0.024       0   0.000  0.000 mprotect
22:36:09   7965   0.022       0   0.000  0.000 write
22:36:10   7895   0.021       0   0.000  0.000 mmap
22:36:11   9279   0.033       0   0.000  0.001 ioctl
22:36:12   9567   0.027       0   0.000  0.000 write
22:36:13   8308   0.023       0   0.000  0.000 write
22:36:14  11008   0.039       0   0.000  0.001 ioctl
22:36:15   9958   0.031       0   0.000  0.000 write
22:36:16   7712   0.021       0   0.000  0.000 write
22:36:17   8336   0.026       0   0.000  0.000 write
22:36:18   8111   0.022       0   0.000  0.000 write
22:36:19   7739   0.020       0   0.000  0.000 getsockopt
22:36:20  10308   0.040       0   0.000  0.001 ioctl
22:36:21   8008   0.023       0   0.000  0.000 getsockopt
22:36:22   8161   0.022       0   0.000  0.000 write
22:36:23  10379   0.039       0   0.000  0.001 ioctl
22:36:24   9247   0.027       0   0.000  0.000 write
22:36:25   9141   0.026       0   0.000  0.000 write
22:36:26  10105   0.036       0   0.000  0.001 ioctl
22:36:27   6590   0.019       0   0.000  0.000 write
22:36:28  12032   0.041       0   0.000  0.000 write
22:36:29   8092   0.023       0   0.000  0.000 getsockopt
22:36:30   6641   0.022       0   0.000  0.001 ioctl
22:36:31   7193   0.021       0   0.000  0.000 write
22:36:32   7138   0.024       0   0.000  0.000 write
22:36:33   5666   0.019       0   0.000  0.000 write
22:36:34   9859   0.710       0   0.000  0.013 socket
22:36:35   6507   0.019       0   0.000  0.000 write
22:36:36   6643   0.023       0   0.000  0.000 write
22:36:37   5736   0.017       0   0.000  0.000 fstat
22:36:38   8846   0.116       0   0.000  0.008 socket
22:36:39   6504   0.020       0   0.000  0.000 write
22:36:40   6549   0.021       0   0.000  0.000 write
22:36:41   7282   0.032       0   0.000  0.000 fstat
22:36:42   6803   0.021       0   0.000  0.000 write
22:36:43   6508   0.021       0   0.000  0.000 write
22:36:44   6634   0.022       0   0.000  0.000 write
22:36:45  11342   0.078       0   0.000  0.000 write
22:36:46   7022   0.021       0   0.000  0.000 write
22:36:47   7358   0.023       0   0.000  0.000 fstat
22:36:48   6625   0.021       0   0.000  0.000 getsockopt
22:36:49   7995   0.038       0   0.000  0.000 write
22:36:50   6657   0.026       0   0.000  0.003 getsockopt
22:36:51   6734   0.023       0   0.000  0.000 fstat
22:36:52   6336   0.024       0   0.000  0.004 fstat
22:36:53   7102   0.023       0   0.000  0.000 write
22:36:54   6770   0.021       0   0.000  0.000 fstat
22:36:55   6559   0.020       0   0.000  0.000 getsockopt
22:36:56   6274   0.018       0   0.000  0.000 getsockopt
22:36:57   9272   0.050       0   0.000  0.000 write
22:36:58   7117   0.024       0   0.000  0.000 write
22:36:59   7152   0.025       0   0.000  0.000 fstat
22:37:00   8857   0.042       0   0.000  0.000 write
22:37:01   7360   0.023       0   0.000  0.000 write
22:37:02   7108   0.024       0   0.000  0.000 write
22:37:03   5979   0.018       0   0.000  0.000 fstat
22:37:04   8670   0.042       0   0.000  0.000 write
22:37:05   6543   0.021       0   0.000  0.000 write
22:37:06   6326   0.021       0   0.000  0.000 write
22:37:07   6182   0.019       0   0.000  0.000 write
22:37:08   7058   0.023       0   0.000  0.000 write
22:37:09   6616   0.019       0   0.000  0.000 fstat
22:37:10   6388   0.018       0   0.000  0.000 fstat
22:37:11   9045   0.041       0   0.000  0.000 fstat
22:37:12   7908   0.025       0   0.000  0.000 write
22:37:13   7472   0.023       0   0.000  0.000 fstat
22:37:14   7549   0.022       0   0.000  0.000 write
22:37:15   9607   0.044       0   0.000  0.000 fstat
22:37:16   7195   0.023       0   0.000  0.000 write
22:37:17   6105   0.020       0   0.000  0.000 fstat
22:37:18   8021   0.040       0   0.000  0.000 write
22:37:19   6413   0.021       0   0.000  0.000 getsockopt
22:37:20   6050   0.019       0   0.000  0.000 write
22:37:21   6057   0.019       0   0.000  0.000 getsockopt
22:37:22   8431   0.040       0   0.000  0.000 fstat
22:37:23   6450   0.020       0   0.000  0.000 write
22:37:24   6316   0.020       0   0.000  0.000 write
22:37:25   6733   0.021       0   0.000  0.000 write
22:37:26   9772   0.045       0   0.000  0.000 fstat
22:37:27   7608   0.024       0   0.000  0.000 write
22:37:28   7386   0.023       0   0.000  0.000 fstat
22:37:29   8107   0.025       0   0.000  0.000 write
22:37:30   7756   0.022       0   0.000  0.000 write
22:37:31   6941   0.020       0   0.000  0.000 write
22:37:32   8352   0.039       0   0.000  0.000 getsockopt
22:37:33   7060   0.024       0   0.000  0.000 write
22:37:34   6911   0.024       0   0.000  0.000 write
22:37:35   6809   0.022       0   0.000  0.000 write
22:37:36   7469   0.026       0   0.000  0.003 getsockopt
22:37:37   7609   0.023       0   0.000  0.000 getsockopt
22:37:38   7300   0.022       0   0.000  0.000 write
22:37:39   9382   0.045       0   0.000  0.000 write
22:37:40   7704   0.024       0   0.000  0.000 write
22:37:41   7786   0.024       0   0.000  0.000 write
22:37:42  11038   0.059       0   0.000  0.000 getsockopt
22:37:43   7766   0.025       0   0.000  0.000 write
22:37:44   9014   0.039       0   0.000  0.000 write
22:37:45   6378   0.018       0   0.000  0.000 write
22:37:46   9031   0.044       0   0.000  0.000 fstat
22:37:47   6975   0.025       0   0.000  0.000 write
22:37:48   6915   0.025       0   0.000  0.000 write
22:37:49   7478   0.025       0   0.000  0.000 write
22:37:50   7622   0.020       0   0.000  0.000 write
22:37:51   7686   0.020       0   0.000  0.000 madvise
22:37:52   9382   0.041       0   0.000  0.000 getsockopt
22:37:53   7831   0.027       0   0.000  0.000 write
22:37:54   7695   0.028       0   0.000  0.000 write
22:37:55   7959   0.028       0   0.000  0.000 write
22:37:56   6921   0.025       0   0.000  0.000 write
22:37:57   6487   0.021       0   0.000  0.000 write
22:37:58   6148   0.017       0   0.000  0.000 write
22:37:59   8962   0.041       0   0.000  0.000 write
22:38:00   7009   0.021       0   0.000  0.000 write
22:38:01   4479   0.014       0   0.000  0.000 write
22:38:02   5391   0.029       0   0.000  0.000 fstat
22:38:03   3927   0.012       0   0.000  0.000 write
22:38:04   4528   0.014       0   0.000  0.000 write
22:38:05   5596   0.029       0   0.000  0.000 getsockopt
22:38:06   4109   0.012       0   0.000  0.000 write
22:38:07   4076   0.012       0   0.000  0.000 write
22:38:08   5203   0.025       0   0.000  0.000 getsockopt
22:38:09   4953   0.020       0   0.000  0.000 fstat
22:38:10   5700   0.031       0   0.000  0.000 getsockopt
22:38:11   6742   0.040       0   0.000  0.000 fstat
22:38:12  14431   0.109       0   0.000  0.000 fstat
22:38:13  17850   0.125       0   0.000  0.000 fstat
22:38:14  18928   0.138       0   0.000  0.000 fstat
22:38:15  18568   0.131       0   0.000  0.000 fstat
22:38:16  15369   0.106       0   0.000  0.000 getsockopt
22:38:17  14190   0.104       0   0.000  0.000 getsockopt
22:38:18  15188   0.105       0   0.000  0.000 fstat
22:38:19  14248   0.100       0   0.000  0.000 getsockopt
22:38:20  15194   0.116       0   0.000  0.000 fstat
22:38:21  14157   0.099       0   0.000  0.000 fstat
22:38:22  14102   0.109       0   0.000  0.000 fstat
22:38:23  15061   0.104       0   0.000  0.000 fstat
22:38:24  14739   0.110       0   0.000  0.000 fstat
22:38:25  14175   0.104       0   0.000  0.000 fstat
22:38:26  13839   0.104       0   0.000  0.000 getsockopt
22:38:27  14172   0.103       0   0.000  0.000 write
22:38:28  15146   0.116       0   0.000  0.000 fstat
22:38:29  14028   0.099       0   0.000  0.000 getsockopt
22:38:30  15268   0.106       0   0.000  0.000 getsockopt
22:38:31  14323   0.105       0   0.000  0.000 getsockopt
22:38:32  15060   0.101       0   0.000  0.000 fstat
22:38:33  14183   0.099       0   0.000  0.000 fstat
22:38:34  15255   0.113       0   0.000  0.000 fstat
22:38:35  14234   0.103       0   0.000  0.000 getsockopt
22:38:36  15286   0.111       0   0.000  0.000 fstat
22:38:37  14231   0.093       0   0.000  0.000 getsockopt
22:38:38  15191   0.117       0   0.000  0.000 fstat
22:38:39  15846   0.108       0   0.000  0.000 fstat
22:38:40  17112   0.133       0   0.000  0.000 getsockopt
22:38:41  15597   0.116       0   0.000  0.000 fstat
22:38:42  16928   0.124       0   0.000  0.000 getsockopt
22:38:43  17585   0.127       0   0.000  0.000 fstat
22:38:44  18780   0.143       0   0.000  0.000 fstat
22:38:45  18448   0.144       0   0.000  0.000 fstat
22:38:46  18345   0.130       0   0.000  0.000 getsockopt
22:38:47  18326   0.121       0   0.000  0.000 fstat
22:38:48  18942   0.142       0   0.000  0.001 write
22:38:49  18070   0.131       0   0.000  0.000 fstat
22:38:50  18685   0.131       0   0.000  0.000 getsockopt
22:38:51  18795   0.134       0   0.000  0.000 fstat
22:38:52  18862   0.131       0   0.000  0.000 fstat
22:38:53  18766   0.127       0   0.000  0.000 fstat
22:38:54  18713   0.133       0   0.000  0.000 getsockopt
22:38:55  18134   0.122       0   0.000  0.000 fstat
22:38:56  17563   0.120       0   0.000  0.000 getsockopt
22:38:57  17849   0.119       0   0.000  0.000 fstat
22:38:58  19913   0.145       0   0.000  0.000 getsockopt
22:38:59  21084   0.154       0   0.000  0.000 fstat
22:39:00  22788   0.167       0   0.000  0.000 getsockopt
22:39:01  29741   0.234       0   0.000  0.000 getsockopt
22:39:02    948   0.039       0   0.000  0.039 writev
22:39:03    938   0.087       0   0.000  0.059 writev
22:39:04    927   0.000       0   0.000  0.000 
22:39:05    945   0.033       0   0.000  0.033 writev
22:39:06    938   0.029       0   0.000  0.029 writev
22:39:07    938   0.031       0   0.000  0.031 writev
22:39:08    927   0.000       0   0.000  0.000 
22:39:09    927   0.000       0   0.000  0.000 
22:39:10    927   0.000       0   0.000  0.000 
22:39:11    927   0.000       0   0.000  0.000 
22:39:12    931   0.000       0   0.000  0.000 
22:39:13    932   0.000       0   0.000  0.000 
22:39:14    932   0.000       0   0.000  0.000 
22:39:15    940   0.004       0   0.000  0.002 munmap
22:39:16    933   0.000       0   0.000  0.000 
22:39:17    932   0.000       0   0.000  0.000 
22:39:18    932   0.000       0   0.000  0.000 
22:39:19    932   0.000       0   0.000  0.000 
22:39:20    933   0.000       0   0.000  0.000 
22:39:21    932   0.000       0   0.000  0.000 
22:39:22    932   0.000       0   0.000  0.000 
22:39:23    932   0.000       0   0.000  0.000 
22:39:24    933   0.000       0   0.000  0.000 
22:39:25    932   0.000       0   0.000  0.000 
22:39:26    932   0.000       0   0.000  0.000 
22:39:27    933   0.000       0   0.000  0.000 
22:39:28    932   0.000       0   0.000  0.000 
22:39:29    932   0.000       0   0.000  0.000 
22:39:30    932   0.000       0   0.000  0.000 
22:39:31    933   0.000       0   0.000  0.000 
22:39:32    932   0.000       0   0.000  0.000 
22:39:33    932   0.000       0   0.000  0.000 
22:39:34    933   0.000       0   0.000  0.000 
22:39:35    940   0.037       0   0.000  0.037 writev
22:39:36    932   0.000       0   0.000  0.000 
22:39:37    932   0.000       0   0.000  0.000 
22:39:38    933   0.000       0   0.000  0.000 
22:39:39    932   0.000       0   0.000  0.000 
22:39:40    932   0.000       0   0.000  0.000 
22:39:41    932   0.000       0   0.000  0.000 
22:39:42    933   0.000       0   0.000  0.000 
22:39:43    932   0.000       0   0.000  0.000 
22:39:44    931   0.000       0   0.000  0.000 
22:39:45    932   0.000       0   0.000  0.000 
22:39:46    933   0.000       0   0.000  0.000 
22:39:47    932   0.000       0   0.000  0.000 
22:39:48    932   0.000       0   0.000  0.000 
22:39:49    933   0.000       0   0.000  0.000 
22:39:50    934   0.000       0   0.000  0.000 
22:39:51    932   0.000       0   0.000  0.000 
22:39:52    932   0.000       0   0.000  0.000 
22:39:53    958   0.052       0   0.000  0.047 writev
22:39:54    946   0.061       0   0.000  0.061 writev
22:39:55    942   0.033       0   0.000  0.033 writev
22:39:56    934   0.000       0   0.000  0.000 
22:39:57    932   0.000       0   0.000  0.000 
22:39:58    932   0.000       0   0.000  0.000 
22:39:59    932   0.000       0   0.000  0.000 
22:40:00    932   0.000       0   0.000  0.000 
22:40:01    933   0.000       0   0.000  0.000 
22:40:02    947   0.044       0   0.000  0.044 writev
22:40:03    931   0.000       0   0.000  0.000 
22:40:04    942   0.039       0   0.000  0.039 writev
22:40:05    932   0.000       0   0.000  0.000 
22:40:06    932   0.000       0   0.000  0.000 
22:40:07    932   0.000       0   0.000  0.000 
22:40:08    932   0.000       0   0.000  0.000 
22:40:09    932   0.000       0   0.000  0.000 
22:40:10    932   0.000       0   0.000  0.000 
22:40:11    935   0.000       0   0.000  0.000 
22:40:12    944   0.040       0   0.000  0.040 writev
22:40:13    935   0.000       0   0.000  0.000 
22:40:14    939   0.034       0   0.000  0.034 writev
22:40:15    932   0.000       0   0.000  0.000 
22:40:16    932   0.000       0   0.000  0.000 
22:40:17    932   0.000       0   0.000  0.000 
22:40:18    932   0.000       0   0.000  0.000 
22:40:19    932   0.000       0   0.000  0.000 
22:40:20    932   0.000       0   0.000  0.000 
22:40:21    932   0.000       0   0.000  0.000 
22:40:22    935   0.000       0   0.000  0.000 
22:40:23    944   0.052       0   0.000  0.052 writev
22:40:24    935   0.000       0   0.000  0.000 
22:40:25    940   0.029       0   0.000  0.029 writev
22:40:26    932   0.000       0   0.000  0.000 
22:40:27    931   0.000       0   0.000  0.000 
22:40:28    936   0.000       0   0.000  0.000 
22:40:29    946   0.048       0   0.000  0.048 writev
22:40:30    934   0.000       0   0.000  0.000 
22:40:31    937   0.000       0   0.000  0.000 
22:40:32    940   0.034       0   0.000  0.034 writev
22:40:33    932   0.000       0   0.000  0.000 
22:40:34    933   0.000       0   0.000  0.000 
22:40:35    932   0.000       0   0.000  0.000 
22:40:36    932   0.000       0   0.000  0.000 
22:40:37    933   0.000       0   0.000  0.000 
22:40:38    932   0.000       0   0.000  0.000 
22:40:39    932   0.000       0   0.000  0.000 
22:40:40    932   0.000       0   0.000  0.000 
22:40:41    932   0.000       0   0.000  0.000 
22:40:42    932   0.000       0   0.000  0.000 
22:40:43    933   0.000       0   0.000  0.000 
22:40:44    932   0.000       0   0.000  0.000 
22:40:45    932   0.000       0   0.000  0.000 
22:40:46    932   0.000       0   0.000  0.000 
22:40:47    932   0.000       0   0.000  0.000 
22:40:48    932   0.000       0   0.000  0.000 
22:40:49    933   0.000       0   0.000  0.000 
22:40:50    932   0.000       0   0.000  0.000 
22:40:51    932   0.000       0   0.000  0.000 
22:40:52    933   0.000       0   0.000  0.000 
22:40:53    932   0.000       0   0.000  0.000 
22:40:54    932   0.000       0   0.000  0.000 
22:40:55    932   0.000       0   0.000  0.000 
22:40:56    932   0.000       0   0.000  0.000 
22:40:57    932   0.000       0   0.000  0.000 
22:40:58    932   0.000       0   0.000  0.000 
22:40:59    932   0.000       0   0.000  0.000 
22:41:00    932   0.000       0   0.000  0.000 
22:41:01    933   0.000       0   0.000  0.000 
22:41:02   1046   0.013       0   0.000  0.001 ioctl
22:41:03    987   0.030       0   0.000  0.029 writev
22:41:04    932   0.000       0   0.000  0.000 
22:41:05    932   0.000       0   0.000  0.000 
22:41:06    932   0.000       0   0.000  0.000 
22:41:07    931   0.000       0   0.000  0.000 
22:41:08    935   0.000       0   0.000  0.000 
22:41:09    943   0.052       0   0.000  0.052 writev
22:41:10    933   0.000       0   0.000  0.000 
22:41:11    931   0.000       0   0.000  0.000 
22:41:12    932   0.000       0   0.000  0.000 
22:41:13    933   0.000       0   0.000  0.000 
22:41:14    932   0.000       0   0.000  0.000 
22:41:15    932   0.000       0   0.000  0.000 
22:41:16    932   0.000       0   0.000  0.000 
22:41:17    932   0.000       0   0.000  0.000 
22:41:18    932   0.000       0   0.000  0.000 
22:41:19    933   0.000       0   0.000  0.000 
22:41:20    932   0.000       0   0.000  0.000 
22:41:21    932   0.000       0   0.000  0.000 
22:41:22    500   0.000       0   0.000  0.000 
