tid  calls  work_s  (top work syscalls)
1392630  458990    1.662  fstat=0.80 getsockopt=0.82
1392472  683486    1.607  write=1.61
1392461     233    0.480 
1392458   25747    0.256 
1392460   45099    0.221 
1392702   21369    0.217 
1392701   21257    0.217 
1392705   21099    0.215 
1392696   21378    0.215 
1392687   21324    0.212 
1392703   21183    0.211 
1392695   21374    0.210 
1392704   21173    0.209 
1392698   21150    0.208 
1392688   21209    0.208 
1392694   21206    0.205 
1392692   21177    0.205 
1392691   21296    0.205 
1392700   21196    0.204 
1392699   21185    0.203 
1392697   21290    0.203 
1392677   21189    0.203 
1392706   21188    0.202 
1392683   21156    0.202 
1392681   21275    0.202 
1392679   21341    0.202 
1392689   21304    0.201 
1392684   21400    0.201 
1392675   21323    0.201 
1392686   21219    0.200 
