00:07:36   1251   0.009       0   0.000  0.001 ioctl
00:07:37    935   0.000       0   0.000  0.000 
00:07:38    934   0.000       0   0.000  0.000 
00:07:39    935   0.000       0   0.000  0.000 
00:07:40    934   0.000       0   0.000  0.000 
00:07:41    935   0.000       0   0.000  0.000 
00:07:42    935   0.000       0   0.000  0.000 
00:07:43    934   0.000       0   0.000  0.000 
00:07:44    934   0.000       0   0.000  0.000 
00:07:45    934   0.000       0   0.000  0.000 
00:07:46    934   0.000       0   0.000  0.000 
00:07:47    934   0.000       0   0.000  0.000 
00:07:48    934   0.000       0   0.000  0.000 
00:07:49    934   0.000       0   0.000  0.000 
00:07:50    934   0.000       0   0.000  0.000 
00:07:51    935   0.000       0   0.000  0.000 
00:07:52    934   0.000       0   0.000  0.000 
00:07:53    934   0.000       0   0.000  0.000 
00:07:54    934   0.000       0   0.000  0.000 
00:07:55    934   0.000       0   0.000  0.000 
00:07:56    934   0.000       0   0.000  0.000 
00:07:57    934   0.000       0   0.000  0.000 
00:07:58    934   0.000       0   0.000  0.000 
00:07:59    934   0.000       0   0.000  0.000 
00:08:00    934   0.000       0   0.000  0.000 
00:08:01    934   0.000       0   0.000  0.000 
00:08:02    934   0.000       0   0.000  0.000 
00:08:03    934   0.000       0   0.000  0.000 
00:08:04    934   0.000       0   0.000  0.000 
00:08:05    934   0.000       0   0.000  0.000 
00:08:06    934   0.000       0   0.000  0.000 
00:08:07    934   0.000       0   0.000  0.000 
00:08:08    934   0.000       0   0.000  0.000 
00:08:09    934   0.000       0   0.000  0.000 
00:08:10    934   0.000       0   0.000  0.000 
00:08:11    934   0.000       0   0.000  0.000 
00:08:12    934   0.000       0   0.000  0.000 
00:08:13    934   0.000       0   0.000  0.000 
00:08:14    934   0.000       0   0.000  0.000 
00:08:15    934   0.000       0   0.000  0.000 
00:08:16    934   0.000       0   0.000  0.000 
00:08:17    933   0.000       0   0.000  0.000 
00:08:18    934   0.000       0   0.000  0.000 
00:08:19    934   0.000       0   0.000  0.000 
00:08:20    933   0.000       0   0.000  0.000 
00:08:21    934   0.000       0   0.000  0.000 
00:08:22    934   0.000       0   0.000  0.000 
00:08:23    934   0.000       0   0.000  0.000 
00:08:24    934   0.000       0   0.000  0.000 
00:08:25    934   0.000       0   0.000  0.000 
00:08:26    934   0.000       0   0.000  0.000 
00:08:27    934   0.000       0   0.000  0.000 
00:08:28    934   0.000       0   0.000  0.000 
00:08:29    934   0.000       0   0.000  0.000 
00:08:30    934   0.000       0   0.000  0.000 
00:08:31    934   0.000       0   0.000  0.000 
00:08:32    934   0.000       0   0.000  0.000 
00:08:33    933   0.000       0   0.000  0.000 
00:08:34    935   0.000       0   0.000  0.000 
00:08:35    933   0.000       0   0.000  0.000 
00:08:36    934   0.000       0   0.000  0.000 
00:08:37    934   0.000       0   0.000  0.000 
00:08:38    934   0.000       0   0.000  0.000 
00:08:39    934   0.000       0   0.000  0.000 
00:08:40    934   0.000       0   0.000  0.000 
00:08:41    934   0.000       0   0.000  0.000 
00:08:42    934   0.000       0   0.000  0.000 
00:08:43    934   0.000       0   0.000  0.000 
00:08:44    934   0.000       0   0.000  0.000 
00:08:45    933   0.000       0   0.000  0.000 
00:08:46    934   0.000       0   0.000  0.000 
00:08:47    934   0.000       0   0.000  0.000 
00:08:48    934   0.000       0   0.000  0.000 
00:08:49    933   0.000       0   0.000  0.000 
00:08:50    934   0.000       0   0.000  0.000 
00:08:51    934   0.000       0   0.000  0.000 
00:08:52    934   0.000       0   0.000  0.000 
00:08:53    934   0.000       0   0.000  0.000 
00:08:54    934   0.000       0   0.000  0.000 
00:08:55    934   0.000       0   0.000  0.000 
00:08:56    933   0.000       0   0.000  0.000 
00:08:57    934   0.000       0   0.000  0.000 
00:08:58    934   0.000       0   0.000  0.000 
00:08:59    934   0.000       0   0.000  0.000 
00:09:00    934   0.000       0   0.000  0.000 
00:09:01    933   0.000       0   0.000  0.000 
00:09:02    934   0.000       0   0.000  0.000 
00:09:03    934   0.000       0   0.000  0.000 
00:09:04    934   0.000       0   0.000  0.000 
00:09:05    934   0.000       0   0.000  0.000 
00:09:06    934   0.000       0   0.000  0.000 
00:09:07    933   0.000       0   0.000  0.000 
00:09:08    934   0.000       0   0.000  0.000 
00:09:09    934   0.000       0   0.000  0.000 
00:09:10    934   0.000       0   0.000  0.000 
00:09:11    934   0.000       0   0.000  0.000 
00:09:12    934   0.000       0   0.000  0.000 
00:09:13    934   0.000       0   0.000  0.000 
00:09:14    934   0.000       0   0.000  0.000 
00:09:15    934   0.000       0   0.000  0.000 
00:09:16    934   0.000       0   0.000  0.000 
00:09:17    934   0.000       0   0.000  0.000 
00:09:18    934   0.000       0   0.000  0.000 
00:09:19    934   0.000       0   0.000  0.000 
00:09:20    935   0.000       0   0.000  0.000 
00:09:21    933   0.000       0   0.000  0.000 
00:09:22    934   0.000       0   0.000  0.000 
00:09:23    934   0.000       0   0.000  0.000 
00:09:24    934   0.000       0   0.000  0.000 
00:09:25    934   0.000       0   0.000  0.000 
00:09:26    934   0.000       0   0.000  0.000 
00:09:27    934   0.000       0   0.000  0.000 
00:09:28    934   0.000       0   0.000  0.000 
00:09:29    934   0.000       0   0.000  0.000 
00:09:30    934   0.000       0   0.000  0.000 
00:09:31    934   0.000       0   0.000  0.000 
00:09:32    934   0.000       0   0.000  0.000 
00:09:33    933   0.000       0   0.000  0.000 
00:09:34    935   0.000       0   0.000  0.000 
00:09:35    936   0.000       0   0.000  0.000 
00:09:36    935   0.000       0   0.000  0.000 
00:09:37    934   0.000       0   0.000  0.000 
00:09:38    935   0.000       0   0.000  0.000 
00:09:39    935   0.000       0   0.000  0.000 
00:09:40    935   0.000       0   0.000  0.000 
00:09:41    934   0.000       0   0.000  0.000 
00:09:42    935   0.000       0   0.000  0.000 
00:09:43    935   0.000       0   0.000  0.000 
00:09:44    934   0.000       0   0.000  0.000 
00:09:45    935   0.000       0   0.000  0.000 
00:09:46    935   0.000       0   0.000  0.000 
00:09:47    934   0.000       0   0.000  0.000 
00:09:48    936   0.000       0   0.000  0.000 
00:09:49    935   0.000       0   0.000  0.000 
00:09:50    935   0.000       0   0.000  0.000 
00:09:51    935   0.000       0   0.000  0.000 
00:09:52    934   0.000       0   0.000  0.000 
00:09:53    935   0.000       0   0.000  0.000 
00:09:54    934   0.000       0   0.000  0.000 
00:09:55    935   0.000       0   0.000  0.000 
00:09:56    934   0.000       0   0.000  0.000 
00:09:57    935   0.000       0   0.000  0.000 
00:09:58    934   0.000       0   0.000  0.000 
00:09:59    935   0.000       0   0.000  0.000 
00:10:00    935   0.000       0   0.000  0.000 
00:10:01    934   0.000       0   0.000  0.000 
00:10:02    935   0.000       0   0.000  0.000 
00:10:03    935   0.000       0   0.000  0.000 
00:10:04    935   0.000       0   0.000  0.000 
00:10:05    934   0.000       0   0.000  0.000 
00:10:06    935   0.000       0   0.000  0.000 
00:10:07    935   0.000       0   0.000  0.000 
00:10:08    934   0.000       0   0.000  0.000 
00:10:09    935   0.000       0   0.000  0.000 
00:10:10    934   0.000       0   0.000  0.000 
00:10:11    935   0.000       0   0.000  0.000 
00:10:12    935   0.000       0   0.000  0.000 
00:10:13    935   0.000       0   0.000  0.000 
00:10:14    934   0.000       0   0.000  0.000 
00:10:15    935   0.000       0   0.000  0.000 
00:10:16    935   0.000       0   0.000  0.000 
00:10:17    935   0.000       0   0.000  0.000 
00:10:18    934   0.000       0   0.000  0.000 
00:10:19    935   0.000       0   0.000  0.000 
00:10:20    935   0.000       0   0.000  0.000 
00:10:21    935   0.000       0   0.000  0.000 
00:10:22    935   0.000       0   0.000  0.000 
00:10:23    935   0.000       0   0.000  0.000 
00:10:24    935   0.000       0   0.000  0.000 
00:10:25    936   0.000       0   0.000  0.000 
00:10:26    935   0.000       0   0.000  0.000 
00:10:27    935   0.000       0   0.000  0.000 
00:10:28    935   0.000       0   0.000  0.000 
00:10:29    935   0.000       0   0.000  0.000 
00:10:30    935   0.000       0   0.000  0.000 
00:10:31    934   0.000       0   0.000  0.000 
00:10:32    935   0.000       0   0.000  0.000 
00:10:33    935   0.000       0   0.000  0.000 
00:10:34    935   0.000       0   0.000  0.000 
00:10:35    934   0.000       0   0.000  0.000 
00:10:36    935   0.000       0   0.000  0.000 
00:10:37    935   0.000       0   0.000  0.000 
00:10:38    935   0.000       0   0.000  0.000 
00:10:39    936   0.000       0   0.000  0.000 
00:10:40    935   0.000       0   0.000  0.000 
00:10:41    935   0.000       0   0.000  0.000 
00:10:42    935   0.000       0   0.000  0.000 
00:10:43    934   0.000       0   0.000  0.000 
00:10:44    935   0.000       0   0.000  0.000 
00:10:45    935   0.000       0   0.000  0.000 
00:10:46    934   0.000       0   0.000  0.000 
00:10:47    934   0.000       0   0.000  0.000 
00:10:48    935   0.000       0   0.000  0.000 
00:10:49    934   0.000       0   0.000  0.000 
00:10:50    935   0.000       0   0.000  0.000 
00:10:51    934   0.000       0   0.000  0.000 
00:10:52    935   0.000       0   0.000  0.000 
00:10:53    934   0.000       0   0.000  0.000 
00:10:54    935   0.000       0   0.000  0.000 
00:10:55    934   0.000       0   0.000  0.000 
00:10:56    935   0.000       0   0.000  0.000 
00:10:57    936   0.000       0   0.000  0.000 
00:10:58    935   0.000       0   0.000  0.000 
00:10:59    935   0.000       0   0.000  0.000 
00:11:00    934   0.000       0   0.000  0.000 
00:11:01    935   0.000       0   0.000  0.000 
00:11:02    935   0.000       0   0.000  0.000 
00:11:03    934   0.000       0   0.000  0.000 
00:11:04    935   0.000       0   0.000  0.000 
00:11:05    934   0.000       0   0.000  0.000 
00:11:06    935   0.000       0   0.000  0.000 
00:11:07    935   0.000       0   0.000  0.000 
00:11:08    935   0.000       0   0.000  0.000 
00:11:09    935   0.000       0   0.000  0.000 
00:11:10    934   0.000       0   0.000  0.000 
00:11:11    935   0.000       0   0.000  0.000 
00:11:12    934   0.000       0   0.000  0.000 
00:11:13    935   0.000       0   0.000  0.000 
00:11:14    934   0.000       0   0.000  0.000 
00:11:15    935   0.000       0   0.000  0.000 
00:11:16    934   0.000       0   0.000  0.000 
00:11:17    935   0.000       0   0.000  0.000 
00:11:18    934   0.000       0   0.000  0.000 
00:11:19    935   0.000       0   0.000  0.000 
00:11:20    935   0.000       0   0.000  0.000 
00:11:21    935   0.000       0   0.000  0.000 
00:11:22    935   0.000       0   0.000  0.000 
00:11:23    935   0.000       0   0.000  0.000 
00:11:24    934   0.000       0   0.000  0.000 
00:11:25    935   0.000       0   0.000  0.000 
00:11:26    935   0.000       0   0.000  0.000 
00:11:27    935   0.000       0   0.000  0.000 
00:11:28    935   0.000       0   0.000  0.000 
00:11:29    935   0.000       0   0.000  0.000 
00:11:30    934   0.000       0   0.000  0.000 
00:11:31    935   0.000       0   0.000  0.000 
00:11:32    935   0.000       0   0.000  0.000 
00:11:33    934   0.000       0   0.000  0.000 
00:11:34    935   0.000       0   0.000  0.000 
00:11:35    935   0.000       0   0.000  0.000 
00:11:36    934   0.000       0   0.000  0.000 
00:11:37    934   0.000       0   0.000  0.000 
00:11:38    935   0.000       0   0.000  0.000 
00:11:39    934   0.000       0   0.000  0.000 
00:11:40    934   0.000       0   0.000  0.000 
00:11:41    935   0.000       0   0.000  0.000 
00:11:42    935   0.000       0   0.000  0.000 
00:11:43    934   0.000       0   0.000  0.000 
00:11:44    935   0.000       0   0.000  0.000 
00:11:45    934   0.000       0   0.000  0.000 
00:11:46    935   0.000       0   0.000  0.000 
00:11:47    934   0.000       0   0.000  0.000 
00:11:48    935   0.000       0   0.000  0.000 
00:11:49    934   0.000       0   0.000  0.000 
00:11:50    936   0.000       0   0.000  0.000 
00:11:51    935   0.000       0   0.000  0.000 
00:11:52    935   0.000       0   0.000  0.000 
00:11:53    936   0.000       0   0.000  0.000 
00:11:54    935   0.000       0   0.000  0.000 
00:11:55    935   0.000       0   0.000  0.000 
00:11:56    935   0.000       0   0.000  0.000 
00:11:57    934   0.000       0   0.000  0.000 
00:11:58    935   0.000       0   0.000  0.000 
00:11:59    934   0.000       0   0.000  0.000 
00:12:00    935   0.000       0   0.000  0.000 
00:12:01    934   0.000       0   0.000  0.000 
00:12:02    935   0.000       0   0.000  0.000 
00:12:03    934   0.000       0   0.000  0.000 
00:12:04    935   0.000       0   0.000  0.000 
00:12:05    934   0.000       0   0.000  0.000 
00:12:06    935   0.000       0   0.000  0.000 
00:12:07    934   0.000       0   0.000  0.000 
00:12:08    935   0.000       0   0.000  0.000 
00:12:09    935   0.000       0   0.000  0.000 
00:12:10    934   0.000       0   0.000  0.000 
00:12:11    935   0.000       0   0.000  0.000 
00:12:12    935   0.000       0   0.000  0.000 
00:12:13    936   0.000       0   0.000  0.000 
00:12:14    935   0.000       0   0.000  0.000 
00:12:15    934   0.000       0   0.000  0.000 
00:12:16    935   0.000       0   0.000  0.000 
00:12:17    934   0.000       0   0.000  0.000 
00:12:18    935   0.000       0   0.000  0.000 
00:12:19    934   0.000       0   0.000  0.000 
00:12:20    935   0.000       0   0.000  0.000 
00:12:21    935   0.000       0   0.000  0.000 
00:12:22    935   0.000       0   0.000  0.000 
00:12:23    935   0.000       0   0.000  0.000 
00:12:24    934   0.000       0   0.000  0.000 
00:12:25    935   0.000       0   0.000  0.000 
00:12:26    935   0.000       0   0.000  0.000 
00:12:27    934   0.000       0   0.000  0.000 
00:12:28    935   0.000       0   0.000  0.000 
00:12:29    935   0.000       0   0.000  0.000 
00:12:30    934   0.000       0   0.000  0.000 
00:12:31    935   0.000       0   0.000  0.000 
00:12:32    934   0.000       0   0.000  0.000 
00:12:33    935   0.000       0   0.000  0.000 
00:12:34    934   0.000       0   0.000  0.000 
00:12:35    935   0.000       0   0.000  0.000 
00:12:36    935   0.000       0   0.000  0.000 
00:12:37    934   0.000       0   0.000  0.000 
00:12:38    934   0.000       0   0.000  0.000 
00:12:39    935   0.000       0   0.000  0.000 
00:12:40    935   0.000       0   0.000  0.000 
00:12:41    934   0.000       0   0.000  0.000 
00:12:42    936   0.000       0   0.000  0.000 
00:12:43    935   0.000       0   0.000  0.000 
00:12:44    935   0.000       0   0.000  0.000 
00:12:45    936   0.000       0   0.000  0.000 
00:12:46    934   0.000       0   0.000  0.000 
00:12:47    935   0.000       0   0.000  0.000 
00:12:48    934   0.000       0   0.000  0.000 
00:12:49    936   0.000       0   0.000  0.000 
00:12:50    935   0.000       0   0.000  0.000 
00:12:51    935   0.000       0   0.000  0.000 
00:12:52    935   0.000       0   0.000  0.000 
00:12:53    935   0.000       0   0.000  0.000 
00:12:54    936   0.000       0   0.000  0.000 
00:12:55    935   0.000       0   0.000  0.000 
00:12:56    935   0.000       0   0.000  0.000 
00:12:57    935   0.000       0   0.000  0.000 
00:12:58    936   0.000       0   0.000  0.000 
00:12:59    935   0.000       0   0.000  0.000 
00:13:00    935   0.000       0   0.000  0.000 
00:13:01    936   0.000       0   0.000  0.000 
00:13:02    935   0.000       0   0.000  0.000 
00:13:03    935   0.000       0   0.000  0.000 
00:13:04    936   0.000       0   0.000  0.000 
00:13:05    935   0.000       0   0.000  0.000 
00:13:06    935   0.000       0   0.000  0.000 
00:13:07    935   0.000       0   0.000  0.000 
00:13:08    936   0.000       0   0.000  0.000 
00:13:09    935   0.000       0   0.000  0.000 
00:13:10    935   0.000       0   0.000  0.000 
00:13:11    936   0.000       0   0.000  0.000 
00:13:12    935   0.000       0   0.000  0.000 
00:13:13    935   0.000       0   0.000  0.000 
00:13:14    936   0.000       0   0.000  0.000 
00:13:15    934   0.000       0   0.000  0.000 
00:13:16    935   0.000       0   0.000  0.000 
00:13:17    935   0.000       0   0.000  0.000 
00:13:18    936   0.000       0   0.000  0.000 
00:13:19    935   0.000       0   0.000  0.000 
00:13:20    935   0.000       0   0.000  0.000 
00:13:21    936   0.000       0   0.000  0.000 
00:13:22    935   0.000       0   0.000  0.000 
00:13:23    935   0.000       0   0.000  0.000 
00:13:24    936   0.000       0   0.000  0.000 
00:13:25    935   0.000       0   0.000  0.000 
00:13:26    935   0.000       0   0.000  0.000 
00:13:27    935   0.000       0   0.000  0.000 
00:13:28    935   0.000       0   0.000  0.000 
00:13:29    936   0.000       0   0.000  0.000 
00:13:30    935   0.000       0   0.000  0.000 
00:13:31    935   0.000       0   0.000  0.000 
00:13:32    935   0.000       0   0.000  0.000 
00:13:33    935   0.000       0   0.000  0.000 
00:13:34    935   0.000       0   0.000  0.000 
00:13:35    934   0.000       0   0.000  0.000 
00:13:36    935   0.000       0   0.000  0.000 
00:13:37    934   0.000       0   0.000  0.000 
00:13:38    936   0.000       0   0.000  0.000 
00:13:39    935   0.000       0   0.000  0.000 
00:13:40    934   0.000       0   0.000  0.000 
00:13:41    935   0.000       0   0.000  0.000 
00:13:42    935   0.000       0   0.000  0.000 
00:13:43    934   0.000       0   0.000  0.000 
00:13:44    935   0.000       0   0.000  0.000 
00:13:45    934   0.000       0   0.000  0.000 
00:13:46    935   0.000       0   0.000  0.000 
00:13:47    934   0.000       0   0.000  0.000 
00:13:48    935   0.000       0   0.000  0.000 
00:13:49    935   0.000       0   0.000  0.000 
00:13:50    934   0.000       0   0.000  0.000 
00:13:51    935   0.000       0   0.000  0.000 
00:13:52    934   0.000       0   0.000  0.000 
00:13:53    935   0.000       0   0.000  0.000 
00:13:54    935   0.000       0   0.000  0.000 
00:13:55    935   0.000       0   0.000  0.000 
00:13:56    934   0.000       0   0.000  0.000 
00:13:57    935   0.000       0   0.000  0.000 
00:13:58    935   0.000       0   0.000  0.000 
00:13:59    934   0.000       0   0.000  0.000 
00:14:00    935   0.000       0   0.000  0.000 
00:14:01    935   0.000       0   0.000  0.000 
00:14:02    934   0.000       0   0.000  0.000 
00:14:03    935   0.000       0   0.000  0.000 
00:14:04    935   0.000       0   0.000  0.000 
00:14:05    934   0.000       0   0.000  0.000 
00:14:06    935   0.000       0   0.000  0.000 
00:14:07    935   0.000       0   0.000  0.000 
00:14:08    934   0.000       0   0.000  0.000 
00:14:09    935   0.000       0   0.000  0.000 
00:14:10    935   0.000       0   0.000  0.000 
00:14:11    934   0.000       0   0.000  0.000 
00:14:12    935   0.000       0   0.000  0.000 
00:14:13    934   0.000       0   0.000  0.000 
00:14:14    935   0.000       0   0.000  0.000 
00:14:15    935   0.000       0   0.000  0.000 
00:14:16    934   0.000       0   0.000  0.000 
00:14:17    935   0.000       0   0.000  0.000 
00:14:18    935   0.000       0   0.000  0.000 
00:14:19    935   0.000       0   0.000  0.000 
00:14:20    934   0.000       0   0.000  0.000 
00:14:21    935   0.000       0   0.000  0.000 
00:14:22    934   0.000       0   0.000  0.000 
00:14:23    935   0.000       0   0.000  0.000 
00:14:24    934   0.000       0   0.000  0.000 
00:14:25    935   0.000       0   0.000  0.000 
00:14:26    934   0.000       0   0.000  0.000 
00:14:27    935   0.000       0   0.000  0.000 
00:14:28    935   0.000       0   0.000  0.000 
00:14:29    935   0.000       0   0.000  0.000 
00:14:30    934   0.000       0   0.000  0.000 
00:14:31    935   0.000       0   0.000  0.000 
00:14:32    935   0.000       0   0.000  0.000 
00:14:33    935   0.000       0   0.000  0.000 
00:14:34    935   0.000       0   0.000  0.000 
00:14:35    935   0.000       0   0.000  0.000 
00:14:36    935   0.000       0   0.000  0.000 
00:14:37    935   0.000       0   0.000  0.000 
00:14:38    935   0.000       0   0.000  0.000 
00:14:39    935   0.000       0   0.000  0.000 
00:14:40    935   0.000       0   0.000  0.000 
00:14:41    934   0.000       0   0.000  0.000 
00:14:42    935   0.000       0   0.000  0.000 
00:14:43    934   0.000       0   0.000  0.000 
00:14:44    935   0.000       0   0.000  0.000 
00:14:45    934   0.000       0   0.000  0.000 
00:14:46    935   0.000       0   0.000  0.000 
00:14:47    934   0.000       0   0.000  0.000 
00:14:48    935   0.000       0   0.000  0.000 
00:14:49    934   0.000       0   0.000  0.000 
00:14:50    934   0.000       0   0.000  0.000 
00:14:51    935   0.000       0   0.000  0.000 
00:14:52    934   0.000       0   0.000  0.000 
00:14:53    934   0.000       0   0.000  0.000 
00:14:54    934   0.000       0   0.000  0.000 
00:14:55    935   0.000       0   0.000  0.000 
00:14:56    934   0.000       0   0.000  0.000 
00:14:57    934   0.000       0   0.000  0.000 
00:14:58    934   0.000       0   0.000  0.000 
00:14:59    935   0.000       0   0.000  0.000 
00:15:00    934   0.000       0   0.000  0.000 
00:15:01    934   0.000       0   0.000  0.000 
00:15:02    935   0.000       0   0.000  0.000 
00:15:03    934   0.000       0   0.000  0.000 
00:15:04    935   0.000       0   0.000  0.000 
00:15:05    934   0.000       0   0.000  0.000 
00:15:06    935   0.000       0   0.000  0.000 
00:15:07    935   0.000       0   0.000  0.000 
00:15:08    935   0.000       0   0.000  0.000 
00:15:09    935   0.000       0   0.000  0.000 
00:15:10    935   0.000       0   0.000  0.000 
00:15:11    935   0.000       0   0.000  0.000 
00:15:12    935   0.000       0   0.000  0.000 
00:15:13    934   0.000       0   0.000  0.000 
00:15:14    935   0.000       0   0.000  0.000 
00:15:15    934   0.000       0   0.000  0.000 
00:15:16    935   0.000       0   0.000  0.000 
00:15:17    934   0.000       0   0.000  0.000 
00:15:18    934   0.000       0   0.000  0.000 
00:15:19    934   0.000       0   0.000  0.000 
00:15:20    935   0.000       0   0.000  0.000 
00:15:21    934   0.000       0   0.000  0.000 
00:15:22    935   0.000       0   0.000  0.000 
00:15:23    934   0.000       0   0.000  0.000 
00:15:24    935   0.000       0   0.000  0.000 
00:15:25    934   0.000       0   0.000  0.000 
00:15:26    934   0.000       0   0.000  0.000 
00:15:27    935   0.000       0   0.000  0.000 
00:15:28    934   0.000       0   0.000  0.000 
00:15:29    935   0.000       0   0.000  0.000 
00:15:30    934   0.000       0   0.000  0.000 
00:15:31    935   0.000       0   0.000  0.000 
00:15:32    934   0.000       0   0.000  0.000 
00:15:33    934   0.000       0   0.000  0.000 
00:15:34    935   0.000       0   0.000  0.000 
00:15:35    934   0.000       0   0.000  0.000 
00:15:36    935   0.000       0   0.000  0.000 
00:15:37    935   0.000       0   0.000  0.000 
00:15:38    934   0.000       0   0.000  0.000 
00:15:39    934   0.000       0   0.000  0.000 
00:15:40    935   0.000       0   0.000  0.000 
00:15:41    935   0.000       0   0.000  0.000 
00:15:42    934   0.000       0   0.000  0.000 
00:15:43    935   0.000       0   0.000  0.000 
00:15:44    934   0.000       0   0.000  0.000 
00:15:45    935   0.000       0   0.000  0.000 
00:15:46    936   0.000       0   0.000  0.000 
00:15:47    935   0.000       0   0.000  0.000 
00:15:48    935   0.000       0   0.000  0.000 
00:15:49    936   0.000       0   0.000  0.000 
00:15:50    935   0.000       0   0.000  0.000 
00:15:51    935   0.000       0   0.000  0.000 
00:15:52    935   0.000       0   0.000  0.000 
00:15:53    935   0.000       0   0.000  0.000 
00:15:54    936   0.000       0   0.000  0.000 
00:15:55    934   0.000       0   0.000  0.000 
00:15:56    934   0.000       0   0.000  0.000 
00:15:57    935   0.000       0   0.000  0.000 
00:15:58    934   0.000       0   0.000  0.000 
00:15:59    934   0.000       0   0.000  0.000 
00:16:00    935   0.000       0   0.000  0.000 
00:16:01    935   0.000       0   0.000  0.000 
00:16:02    935   0.000       0   0.000  0.000 
00:16:03    934   0.000       0   0.000  0.000 
00:16:04    935   0.000       0   0.000  0.000 
00:16:05    935   0.000       0   0.000  0.000 
00:16:06    935   0.000       0   0.000  0.000 
00:16:07    934   0.000       0   0.000  0.000 
00:16:08    935   0.000       0   0.000  0.000 
00:16:09    935   0.000       0   0.000  0.000 
00:16:10    934   0.000       0   0.000  0.000 
00:16:11    935   0.000       0   0.000  0.000 
00:16:12    934   0.000       0   0.000  0.000 
00:16:13    935   0.000       0   0.000  0.000 
00:16:14    934   0.000       0   0.000  0.000 
00:16:15    934   0.000       0   0.000  0.000 
00:16:16    935   0.000       0   0.000  0.000 
00:16:17    934   0.000       0   0.000  0.000 
00:16:18    935   0.000       0   0.000  0.000 
00:16:19    935   0.000       0   0.000  0.000 
00:16:20    935   0.000       0   0.000  0.000 
00:16:21    934   0.000       0   0.000  0.000 
00:16:22    934   0.000       0   0.000  0.000 
00:16:23    935   0.000       0   0.000  0.000 
00:16:24    934   0.000       0   0.000  0.000 
00:16:25    934   0.000       0   0.000  0.000 
00:16:26    935   0.000       0   0.000  0.000 
00:16:27    934   0.000       0   0.000  0.000 
00:16:28    934   0.000       0   0.000  0.000 
00:16:29    935   0.000       0   0.000  0.000 
00:16:30    934   0.000       0   0.000  0.000 
00:16:31    934   0.000       0   0.000  0.000 
00:16:32    935   0.000       0   0.000  0.000 
00:16:33    934   0.000       0   0.000  0.000 
00:16:34    935   0.000       0   0.000  0.000 
00:16:35    934   0.000       0   0.000  0.000 
00:16:36    934   0.000       0   0.000  0.000 
00:16:37    935   0.000       0   0.000  0.000 
00:16:38    934   0.000       0   0.000  0.000 
00:16:39    934   0.000       0   0.000  0.000 
00:16:40    934   0.000       0   0.000  0.000 
00:16:41    935   0.000       0   0.000  0.000 
00:16:42    934   0.000       0   0.000  0.000 
00:16:43    935   0.000       0   0.000  0.000 
00:16:44    934   0.000       0   0.000  0.000 
00:16:45    934   0.000       0   0.000  0.000 
00:16:46    935   0.000       0   0.000  0.000 
00:16:47    936   0.000       0   0.000  0.000 
00:16:48    935   0.000       0   0.000  0.000 
00:16:49    935   0.000       0   0.000  0.000 
00:16:50    935   0.000       0   0.000  0.000 
00:16:51    934   0.000       0   0.000  0.000 
00:16:52    935   0.000       0   0.000  0.000 
00:16:53    934   0.000       0   0.000  0.000 
00:16:54    935   0.000       0   0.000  0.000 
00:16:55    935   0.000       0   0.000  0.000 
00:16:56    935   0.000       0   0.000  0.000 
00:16:57    935   0.000       0   0.000  0.000 
00:16:58    935   0.000       0   0.000  0.000 
00:16:59    935   0.000       0   0.000  0.000 
00:17:00    935   0.000       0   0.000  0.000 
00:17:01    935   0.000       0   0.000  0.000 
00:17:02    934   0.000       0   0.000  0.000 
00:17:03    935   0.000       0   0.000  0.000 
00:17:04    934   0.000       0   0.000  0.000 
00:17:05    935   0.000       0   0.000  0.000 
00:17:06    934   0.000       0   0.000  0.000 
00:17:07    935   0.000       0   0.000  0.000 
00:17:08    936   0.000       0   0.000  0.000 
00:17:09    934   0.000       0   0.000  0.000 
00:17:10    935   0.000       0   0.000  0.000 
00:17:11    935   0.000       0   0.000  0.000 
00:17:12    935   0.000       0   0.000  0.000 
00:17:13    936   0.000       0   0.000  0.000 
00:17:14    935   0.000       0   0.000  0.000 
00:17:15    935   0.000       0   0.000  0.000 
00:17:16    935   0.000       0   0.000  0.000 
00:17:17    935   0.000       0   0.000  0.000 
00:17:18    935   0.000       0   0.000  0.000 
00:17:19    935   0.000       0   0.000  0.000 
00:17:20    935   0.000       0   0.000  0.000 
00:17:21    934   0.000       0   0.000  0.000 
00:17:22    934   0.000       0   0.000  0.000 
00:17:23    935   0.000       0   0.000  0.000 
00:17:24    934   0.000       0   0.000  0.000 
00:17:25    935   0.000       0   0.000  0.000 
00:17:26    934   0.000       0   0.000  0.000 
00:17:27    935   0.000       0   0.000  0.000 
00:17:28    934   0.000       0   0.000  0.000 
00:17:29    934   0.000       0   0.000  0.000 
00:17:30    935   0.000       0   0.000  0.000 
00:17:31    935   0.000       0   0.000  0.000 
00:17:32    935   0.000       0   0.000  0.000 
00:17:33    935   0.000       0   0.000  0.000 
00:17:34    934   0.000       0   0.000  0.000 
00:17:35    935   0.000       0   0.000  0.000 
00:17:36    934   0.000       0   0.000  0.000 
00:17:37    934   0.000       0   0.000  0.000 
00:17:38    935   0.000       0   0.000  0.000 
00:17:39    934   0.000       0   0.000  0.000 
00:17:40    935   0.000       0   0.000  0.000 
00:17:41    934   0.000       0   0.000  0.000 
00:17:42    935   0.000       0   0.000  0.000 
00:17:43    934   0.000       0   0.000  0.000 
00:17:44    934   0.000       0   0.000  0.000 
00:17:45    935   0.000       0   0.000  0.000 
00:17:46    934   0.000       0   0.000  0.000 
00:17:47    934   0.000       0   0.000  0.000 
00:17:48    935   0.000       0   0.000  0.000 
00:17:49    934   0.000       0   0.000  0.000 
00:17:50    934   0.000       0   0.000  0.000 
00:17:51    935   0.000       0   0.000  0.000 
00:17:52    934   0.000       0   0.000  0.000 
00:17:53    935   0.000       0   0.000  0.000 
00:17:54    935   0.000       0   0.000  0.000 
00:17:55    935   0.000       0   0.000  0.000 
00:17:56    935   0.000       0   0.000  0.000 
00:17:57    935   0.000       0   0.000  0.000 
00:17:58    934   0.000       0   0.000  0.000 
00:17:59    935   0.000       0   0.000  0.000 
00:18:00    935   0.000       0   0.000  0.000 
00:18:01    935   0.000       0   0.000  0.000 
00:18:02    935   0.000       0   0.000  0.000 
00:18:03    934   0.000       0   0.000  0.000 
00:18:04    934   0.000       0   0.000  0.000 
00:18:05    934   0.000       0   0.000  0.000 
00:18:06    935   0.000       0   0.000  0.000 
00:18:07    935   0.000       0   0.000  0.000 
00:18:08    934   0.000       0   0.000  0.000 
00:18:09    935   0.000       0   0.000  0.000 
00:18:10    935   0.000       0   0.000  0.000 
00:18:11    934   0.000       0   0.000  0.000 
00:18:12    935   0.000       0   0.000  0.000 
00:18:13    934   0.000       0   0.000  0.000 
00:18:14    935   0.000       0   0.000  0.000 
00:18:15    934   0.000       0   0.000  0.000 
00:18:16    934   0.000       0   0.000  0.000 
00:18:17    935   0.000       0   0.000  0.000 
00:18:18    934   0.000       0   0.000  0.000 
00:18:19    935   0.000       0   0.000  0.000 
00:18:20    934   0.000       0   0.000  0.000 
00:18:21    935   0.000       0   0.000  0.000 
00:18:22    935   0.000       0   0.000  0.000 
00:18:23    935   0.000       0   0.000  0.000 
00:18:24    935   0.000       0   0.000  0.000 
00:18:25    934   0.000       0   0.000  0.000 
00:18:26    935   0.000       0   0.000  0.000 
00:18:27    935   0.000       0   0.000  0.000 
00:18:28    934   0.000       0   0.000  0.000 
00:18:29    935   0.000       0   0.000  0.000 
00:18:30    935   0.000       0   0.000  0.000 
00:18:31    934   0.000       0   0.000  0.000 
00:18:32    935   0.000       0   0.000  0.000 
00:18:33    935   0.000       0   0.000  0.000 
00:18:34    935   0.000       0   0.000  0.000 
00:18:35    936   0.000       0   0.000  0.000 
00:18:36    935   0.000       0   0.000  0.000 
00:18:37    935   0.000       0   0.000  0.000 
00:18:38    935   0.000       0   0.000  0.000 
00:18:39    934   0.000       0   0.000  0.000 
00:18:40    935   0.000       0   0.000  0.000 
00:18:41    935   0.000       0   0.000  0.000 
00:18:42    935   0.000       0   0.000  0.000 
00:18:43    935   0.000       0   0.000  0.000 
00:18:44    935   0.000       0   0.000  0.000 
00:18:45    934   0.000       0   0.000  0.000 
00:18:46    935   0.000       0   0.000  0.000 
00:18:47    934   0.000       0   0.000  0.000 
00:18:48    935   0.000       0   0.000  0.000 
00:18:49    934   0.000       0   0.000  0.000 
00:18:50    935   0.000       0   0.000  0.000 
00:18:51    934   0.000       0   0.000  0.000 
00:18:52    934   0.000       0   0.000  0.000 
00:18:53    935   0.000       0   0.000  0.000 
00:18:54    935   0.000       0   0.000  0.000 
00:18:55    934   0.000       0   0.000  0.000 
00:18:56    935   0.000       0   0.000  0.000 
00:18:57    934   0.000       0   0.000  0.000 
00:18:58    935   0.000       0   0.000  0.000 
00:18:59    934   0.000       0   0.000  0.000 
00:19:00    935   0.000       0   0.000  0.000 
00:19:01    934   0.000       0   0.000  0.000 
00:19:02    934   0.000       0   0.000  0.000 
00:19:03    935   0.000       0   0.000  0.000 
00:19:04    934   0.000       0   0.000  0.000 
00:19:05    934   0.000       0   0.000  0.000 
00:19:06    934   0.000       0   0.000  0.000 
00:19:07    935   0.000       0   0.000  0.000 
00:19:08    934   0.000       0   0.000  0.000 
00:19:09    934   0.000       0   0.000  0.000 
00:19:10    935   0.000       0   0.000  0.000 
00:19:11    934   0.000       0   0.000  0.000 
00:19:12    934   0.000       0   0.000  0.000 
00:19:13    935   0.000       0   0.000  0.000 
00:19:14    936   0.000       0   0.000  0.000 
00:19:15    935   0.000       0   0.000  0.000 
00:19:16    935   0.000       0   0.000  0.000 
00:19:17    935   0.000       0   0.000  0.000 
00:19:18    935   0.000       0   0.000  0.000 
00:19:19    934   0.000       0   0.000  0.000 
00:19:20    934   0.000       0   0.000  0.000 
00:19:21    935   0.000       0   0.000  0.000 
00:19:22    934   0.000       0   0.000  0.000 
00:19:23    935   0.000       0   0.000  0.000 
00:19:24    934   0.000       0   0.000  0.000 
00:19:25    934   0.000       0   0.000  0.000 
00:19:26    935   0.000       0   0.000  0.000 
00:19:27    934   0.000       0   0.000  0.000 
00:19:28    934   0.000       0   0.000  0.000 
00:19:29    935   0.000       0   0.000  0.000 
00:19:30    934   0.000       0   0.000  0.000 
00:19:31    935   0.000       0   0.000  0.000 
00:19:32    935   0.000       0   0.000  0.000 
00:19:33    934   0.000       0   0.000  0.000 
00:19:34    935   0.000       0   0.000  0.000 
00:19:35    934   0.000       0   0.000  0.000 
00:19:36    935   0.000       0   0.000  0.000 
00:19:37    935   0.000       0   0.000  0.000 
00:19:38    934   0.000       0   0.000  0.000 
00:19:39    935   0.000       0   0.000  0.000 
00:19:40    935   0.000       0   0.000  0.000 
00:19:41    936   0.000       0   0.000  0.000 
00:19:42    935   0.000       0   0.000  0.000 
00:19:43    935   0.000       0   0.000  0.000 
00:19:44    935   0.000       0   0.000  0.000 
00:19:45    935   0.000       0   0.000  0.000 
00:19:46    935   0.000       0   0.000  0.000 
00:19:47    936   0.000       0   0.000  0.000 
00:19:48    935   0.000       0   0.000  0.000 
00:19:49    935   0.000       0   0.000  0.000 
00:19:50    934   0.000       0   0.000  0.000 
00:19:51    935   0.000       0   0.000  0.000 
00:19:52    935   0.000       0   0.000  0.000 
00:19:53    934   0.000       0   0.000  0.000 
00:19:54    935   0.000       0   0.000  0.000 
00:19:55    934   0.000       0   0.000  0.000 
00:19:56    935   0.000       0   0.000  0.000 
00:19:57    934   0.000       0   0.000  0.000 
00:19:58    935   0.000       0   0.000  0.000 
00:19:59    934   0.000       0   0.000  0.000 
00:20:00    934   0.000       0   0.000  0.000 
00:20:01    936   0.000       0   0.000  0.000 
00:20:02    935   0.000       0   0.000  0.000 
00:20:03    934   0.000       0   0.000  0.000 
00:20:04    935   0.000       0   0.000  0.000 
00:20:05    935   0.000       0   0.000  0.000 
00:20:06    935   0.000       0   0.000  0.000 
00:20:07    934   0.000       0   0.000  0.000 
00:20:08    935   0.000       0   0.000  0.000 
00:20:09    935   0.000       0   0.000  0.000 
00:20:10    934   0.000       0   0.000  0.000 
00:20:11    935   0.000       0   0.000  0.000 
00:20:12    934   0.000       0   0.000  0.000 
00:20:13    935   0.000       0   0.000  0.000 
00:20:14    935   0.000       0   0.000  0.000 
00:20:15    935   0.000       0   0.000  0.000 
00:20:16    934   0.000       0   0.000  0.000 
00:20:17    934   0.000       0   0.000  0.000 
00:20:18    935   0.000       0   0.000  0.000 
00:20:19    934   0.000       0   0.000  0.000 
00:20:20    935   0.000       0   0.000  0.000 
00:20:21    934   0.000       0   0.000  0.000 
00:20:22    935   0.000       0   0.000  0.000 
00:20:23    934   0.000       0   0.000  0.000 
00:20:24    935   0.000       0   0.000  0.000 
00:20:25    934   0.000       0   0.000  0.000 
00:20:26    935   0.000       0   0.000  0.000 
00:20:27    935   0.000       0   0.000  0.000 
00:20:28    934   0.000       0   0.000  0.000 
00:20:29    934   0.000       0   0.000  0.000 
00:20:30    935   0.000       0   0.000  0.000 
00:20:31    935   0.000       0   0.000  0.000 
00:20:32    934   0.000       0   0.000  0.000 
00:20:33    934   0.000       0   0.000  0.000 
00:20:34    935   0.000       0   0.000  0.000 
00:20:35    934   0.000       0   0.000  0.000 
00:20:36    935   0.000       0   0.000  0.000 
00:20:37    934   0.000       0   0.000  0.000 
00:20:38    935   0.000       0   0.000  0.000 
00:20:39    934   0.000       0   0.000  0.000 
00:20:40    935   0.000       0   0.000  0.000 
00:20:41    935   0.000       0   0.000  0.000 
00:20:42    934   0.000       0   0.000  0.000 
00:20:43    935   0.000       0   0.000  0.000 
00:20:44    934   0.000       0   0.000  0.000 
00:20:45    935   0.000       0   0.000  0.000 
00:20:46    934   0.000       0   0.000  0.000 
00:20:47    935   0.000       0   0.000  0.000 
00:20:48    934   0.000       0   0.000  0.000 
00:20:49    935   0.000       0   0.000  0.000 
00:20:50    935   0.000       0   0.000  0.000 
00:20:51    934   0.000       0   0.000  0.000 
00:20:52    935   0.000       0   0.000  0.000 
00:20:53    934   0.000       0   0.000  0.000 
00:20:54    935   0.000       0   0.000  0.000 
00:20:55    934   0.000       0   0.000  0.000 
00:20:56    935   0.000       0   0.000  0.000 
00:20:57    935   0.000       0   0.000  0.000 
00:20:58    935   0.000       0   0.000  0.000 
00:20:59    934   0.000       0   0.000  0.000 
00:21:00    934   0.000       0   0.000  0.000 
00:21:01    935   0.000       0   0.000  0.000 
00:21:02    934   0.000       0   0.000  0.000 
00:21:03    934   0.000       0   0.000  0.000 
00:21:04    935   0.000       0   0.000  0.000 
00:21:05    934   0.000       0   0.000  0.000 
00:21:06    934   0.000       0   0.000  0.000 
00:21:07    935   0.000       0   0.000  0.000 
00:21:08    934   0.000       0   0.000  0.000 
00:21:09    934   0.000       0   0.000  0.000 
00:21:10    935   0.000       0   0.000  0.000 
00:21:11    934   0.000       0   0.000  0.000 
00:21:12    935   0.000       0   0.000  0.000 
00:21:13    935   0.000       0   0.000  0.000 
00:21:14    934   0.000       0   0.000  0.000 
00:21:15    935   0.000       0   0.000  0.000 
00:21:16    934   0.000       0   0.000  0.000 
00:21:17    935   0.000       0   0.000  0.000 
00:21:18    934   0.000       0   0.000  0.000 
00:21:19    935   0.000       0   0.000  0.000 
00:21:20    935   0.000       0   0.000  0.000 
00:21:21    935   0.000       0   0.000  0.000 
00:21:22    934   0.000       0   0.000  0.000 
00:21:23    935   0.000       0   0.000  0.000 
00:21:24    935   0.000       0   0.000  0.000 
00:21:25    934   0.000       0   0.000  0.000 
00:21:26    934   0.000       0   0.000  0.000 
00:21:27    935   0.000       0   0.000  0.000 
00:21:28    935   0.000       0   0.000  0.000 
00:21:29    935   0.000       0   0.000  0.000 
00:21:30    935   0.000       0   0.000  0.000 
00:21:31    936   0.000       0   0.000  0.000 
00:21:32    935   0.000       0   0.000  0.000 
00:21:33    935   0.000       0   0.000  0.000 
00:21:34    935   0.000       0   0.000  0.000 
00:21:35    935   0.000       0   0.000  0.000 
00:21:36    935   0.000       0   0.000  0.000 
00:21:37    934   0.000       0   0.000  0.000 
00:21:38    935   0.000       0   0.000  0.000 
00:21:39    935   0.000       0   0.000  0.000 
00:21:40    934   0.000       0   0.000  0.000 
00:21:41    935   0.000       0   0.000  0.000 
00:21:42    934   0.000       0   0.000  0.000 
00:21:43    935   0.000       0   0.000  0.000 
00:21:44    934   0.000       0   0.000  0.000 
00:21:45    935   0.000       0   0.000  0.000 
00:21:46    934   0.000       0   0.000  0.000 
00:21:47    934   0.000       0   0.000  0.000 
00:21:48    935   0.000       0   0.000  0.000 
00:21:49    934   0.000       0   0.000  0.000 
00:21:50    934   0.000       0   0.000  0.000 
00:21:51    935   0.000       0   0.000  0.000 
00:21:52    934   0.000       0   0.000  0.000 
00:21:53    935   0.000       0   0.000  0.000 
00:21:54    934   0.000       0   0.000  0.000 
00:21:55    935   0.000       0   0.000  0.000 
00:21:56    934   0.000       0   0.000  0.000 
00:21:57    935   0.000       0   0.000  0.000 
00:21:58    934   0.000       0   0.000  0.000 
00:21:59    935   0.000       0   0.000  0.000 
00:22:00    934   0.000       0   0.000  0.000 
00:22:01    935   0.000       0   0.000  0.000 
00:22:02    935   0.000       0   0.000  0.000 
00:22:03    934   0.000       0   0.000  0.000 
00:22:04    935   0.000       0   0.000  0.000 
00:22:05    935   0.000       0   0.000  0.000 
00:22:06    935   0.000       0   0.000  0.000 
00:22:07    935   0.000       0   0.000  0.000 
00:22:08    935   0.000       0   0.000  0.000 
00:22:09    936   0.000       0   0.000  0.000 
00:22:10    935   0.000       0   0.000  0.000 
00:22:11    935   0.000       0   0.000  0.000 
00:22:12    935   0.000       0   0.000  0.000 
00:22:13    935   0.000       0   0.000  0.000 
00:22:14    935   0.000       0   0.000  0.000 
00:22:15    935   0.000       0   0.000  0.000 
00:22:16    934   0.000       0   0.000  0.000 
00:22:17    935   0.000       0   0.000  0.000 
00:22:18    934   0.000       0   0.000  0.000 
00:22:19    935   0.000       0   0.000  0.000 
00:22:20    934   0.000       0   0.000  0.000 
00:22:21    935   0.000       0   0.000  0.000 
00:22:22    935   0.000       0   0.000  0.000 
00:22:23    934   0.000       0   0.000  0.000 
00:22:24    935   0.000       0   0.000  0.000 
00:22:25    934   0.000       0   0.000  0.000 
00:22:26    935   0.000       0   0.000  0.000 
00:22:27    934   0.000       0   0.000  0.000 
00:22:28    935   0.000       0   0.000  0.000 
00:22:29    935   0.000       0   0.000  0.000 
00:22:30    935   0.000       0   0.000  0.000 
00:22:31    936   0.000       0   0.000  0.000 
00:22:32    935   0.000       0   0.000  0.000 
00:22:33    935   0.000       0   0.000  0.000 
00:22:34    936   0.000       0   0.000  0.000 
00:22:35    935   0.000       0   0.000  0.000 
00:22:36    935   0.000       0   0.000  0.000 
00:22:37    936   0.000       0   0.000  0.000 
00:22:38    935   0.000       0   0.000  0.000 
00:22:39    935   0.000       0   0.000  0.000 
00:22:40    935   0.000       0   0.000  0.000 
00:22:41    935   0.000       0   0.000  0.000 
00:22:42    936   0.000       0   0.000  0.000 
00:22:43    935   0.000       0   0.000  0.000 
00:22:44    935   0.000       0   0.000  0.000 
00:22:45    935   0.000       0   0.000  0.000 
00:22:46    936   0.000       0   0.000  0.000 
00:22:47    935   0.000       0   0.000  0.000 
00:22:48    935   0.000       0   0.000  0.000 
00:22:49    936   0.000       0   0.000  0.000 
00:22:50    935   0.000       0   0.000  0.000 
00:22:51    935   0.000       0   0.000  0.000 
00:22:52    935   0.000       0   0.000  0.000 
00:22:53    936   0.000       0   0.000  0.000 
00:22:54    935   0.000       0   0.000  0.000 
00:22:55    935   0.000       0   0.000  0.000 
00:22:56    935   0.000       0   0.000  0.000 
00:22:57    935   0.000       0   0.000  0.000 
00:22:58    935   0.000       0   0.000  0.000 
00:22:59    935   0.000       0   0.000  0.000 
00:23:00    936   0.000       0   0.000  0.000 
00:23:01    935   0.000       0   0.000  0.000 
00:23:02    935   0.000       0   0.000  0.000 
00:23:03    932   0.000       0   0.000  0.000 
00:23:04    934   0.000       0   0.000  0.000 
00:23:05    935   0.000       0   0.000  0.000 
00:23:06    934   0.000       0   0.000  0.000 
00:23:07    936   0.000       0   0.000  0.000 
00:23:08    935   0.000       0   0.000  0.000 
00:23:09    935   0.000       0   0.000  0.000 
00:23:10    936   0.000       0   0.000  0.000 
00:23:11    935   0.000       0   0.000  0.000 
00:23:12    935   0.000       0   0.000  0.000 
00:23:13    934   0.000       0   0.000  0.000 
00:23:14    935   0.000       0   0.000  0.000 
00:23:15    934   0.000       0   0.000  0.000 
00:23:16    935   0.000       0   0.000  0.000 
00:23:17    934   0.000       0   0.000  0.000 
00:23:18    935   0.000       0   0.000  0.000 
00:23:19    935   0.000       0   0.000  0.000 
00:23:20    934   0.000       0   0.000  0.000 
00:23:21    935   0.000       0   0.000  0.000 
00:23:22    936   0.000       0   0.000  0.000 
00:23:23    935   0.000       0   0.000  0.000 
00:23:24    935   0.000       0   0.000  0.000 
00:23:25    935   0.000       0   0.000  0.000 
00:23:26    936   0.000       0   0.000  0.000 
00:23:27    935   0.000       0   0.000  0.000 
00:23:28    935   0.000       0   0.000  0.000 
00:23:29    936   0.000       0   0.000  0.000 
00:23:30    935   0.000       0   0.000  0.000 
00:23:31    935   0.000       0   0.000  0.000 
00:23:32    935   0.000       0   0.000  0.000 
00:23:33    936   0.000       0   0.000  0.000 
00:23:34    935   0.000       0   0.000  0.000 
00:23:35    934   0.000       0   0.000  0.000 
00:23:36    935   0.000       0   0.000  0.000 
00:23:37    935   0.000       0   0.000  0.000 
00:23:38    935   0.000       0   0.000  0.000 
00:23:39    935   0.000       0   0.000  0.000 
00:23:40    934   0.000       0   0.000  0.000 
00:23:41    935   0.000       0   0.000  0.000 
00:23:42    935   0.000       0   0.000  0.000 
00:23:43    935   0.000       0   0.000  0.000 
00:23:44    934   0.000       0   0.000  0.000 
00:23:45    935   0.000       0   0.000  0.000 
00:23:46    935   0.000       0   0.000  0.000 
00:23:47    934   0.000       0   0.000  0.000 
00:23:48    935   0.000       0   0.000  0.000 
00:23:49    935   0.000       0   0.000  0.000 
00:23:50    934   0.000       0   0.000  0.000 
00:23:51    935   0.000       0   0.000  0.000 
00:23:52    935   0.000       0   0.000  0.000 
00:23:53    935   0.000       0   0.000  0.000 
00:23:54    935   0.000       0   0.000  0.000 
00:23:55    934   0.000       0   0.000  0.000 
00:23:56    935   0.000       0   0.000  0.000 
00:23:57    935   0.000       0   0.000  0.000 
00:23:58    935   0.000       0   0.000  0.000 
00:23:59    935   0.000       0   0.000  0.000 
00:24:00    935   0.000       0   0.000  0.000 
00:24:01    934   0.000       0   0.000  0.000 
00:24:02    935   0.000       0   0.000  0.000 
00:24:03    934   0.000       0   0.000  0.000 
00:24:04    935   0.000       0   0.000  0.000 
00:24:05    935   0.000       0   0.000  0.000 
00:24:06    934   0.000       0   0.000  0.000 
00:24:07    935   0.000       0   0.000  0.000 
00:24:08    935   0.000       0   0.000  0.000 
00:24:09    934   0.000       0   0.000  0.000 
00:24:10    935   0.000       0   0.000  0.000 
00:24:11    935   0.000       0   0.000  0.000 
00:24:12    934   0.000       0   0.000  0.000 
00:24:13    935   0.000       0   0.000  0.000 
00:24:14    935   0.000       0   0.000  0.000 
00:24:15    934   0.000       0   0.000  0.000 
00:24:16    935   0.000       0   0.000  0.000 
00:24:17    934   0.000       0   0.000  0.000 
00:24:18    935   0.000       0   0.000  0.000 
00:24:19    935   0.000       0   0.000  0.000 
00:24:20    935   0.000       0   0.000  0.000 
00:24:21    934   0.000       0   0.000  0.000 
00:24:22    935   0.000       0   0.000  0.000 
00:24:23    935   0.000       0   0.000  0.000 
00:24:24    935   0.000       0   0.000  0.000 
00:24:25    934   0.000       0   0.000  0.000 
00:24:26    935   0.000       0   0.000  0.000 
00:24:27    935   0.000       0   0.000  0.000 
00:24:28    934   0.000       0   0.000  0.000 
00:24:29    935   0.000       0   0.000  0.000 
00:24:30    935   0.000       0   0.000  0.000 
00:24:31    935   0.000       0   0.000  0.000 
00:24:32    934   0.000       0   0.000  0.000 
00:24:33    935   0.000       0   0.000  0.000 
00:24:34    935   0.000       0   0.000  0.000 
00:24:35    934   0.000       0   0.000  0.000 
00:24:36    935   0.000       0   0.000  0.000 
00:24:37    934   0.000       0   0.000  0.000 
00:24:38    935   0.000       0   0.000  0.000 
00:24:39    934   0.000       0   0.000  0.000 
00:24:40    935   0.000       0   0.000  0.000 
00:24:41    934   0.000       0   0.000  0.000 
00:24:42    935   0.000       0   0.000  0.000 
00:24:43    934   0.000       0   0.000  0.000 
00:24:44    935   0.000       0   0.000  0.000 
00:24:45    935   0.000       0   0.000  0.000 
00:24:46    935   0.000       0   0.000  0.000 
00:24:47    934   0.000       0   0.000  0.000 
00:24:48    935   0.000       0   0.000  0.000 
00:24:49    935   0.000       0   0.000  0.000 
00:24:50    935   0.000       0   0.000  0.000 
00:24:51    934   0.000       0   0.000  0.000 
00:24:52    935   0.000       0   0.000  0.000 
00:24:53    934   0.000       0   0.000  0.000 
00:24:54    936   0.000       0   0.000  0.000 
00:24:55    934   0.000       0   0.000  0.000 
00:24:56    935   0.000       0   0.000  0.000 
00:24:57    934   0.000       0   0.000  0.000 
00:24:58    935   0.000       0   0.000  0.000 
00:24:59    935   0.000       0   0.000  0.000 
00:25:00    935   0.000       0   0.000  0.000 
00:25:01    935   0.000       0   0.000  0.000 
00:25:02    936   0.000       0   0.000  0.000 
00:25:03    934   0.000       0   0.000  0.000 
00:25:04    935   0.000       0   0.000  0.000 
00:25:05    935   0.000       0   0.000  0.000 
00:25:06    934   0.000       0   0.000  0.000 
00:25:07    935   0.000       0   0.000  0.000 
00:25:08    935   0.000       0   0.000  0.000 
00:25:09    935   0.000       0   0.000  0.000 
00:25:10    934   0.000       0   0.000  0.000 
00:25:11    935   0.000       0   0.000  0.000 
00:25:12    936   0.000       0   0.000  0.000 
00:25:13    935   0.000       0   0.000  0.000 
00:25:14    935   0.000       0   0.000  0.000 
00:25:15    935   0.000       0   0.000  0.000 
00:25:16    935   0.000       0   0.000  0.000 
00:25:17    935   0.000       0   0.000  0.000 
00:25:18    935   0.000       0   0.000  0.000 
00:25:19    935   0.000       0   0.000  0.000 
00:25:20    935   0.000       0   0.000  0.000 
00:25:21    934   0.000       0   0.000  0.000 
00:25:22    935   0.000       0   0.000  0.000 
00:25:23    935   0.000       0   0.000  0.000 
00:25:24    934   0.000       0   0.000  0.000 
00:25:25    935   0.000       0   0.000  0.000 
00:25:26    935   0.000       0   0.000  0.000 
00:25:27    935   0.000       0   0.000  0.000 
00:25:28    934   0.000       0   0.000  0.000 
00:25:29    935   0.000       0   0.000  0.000 
00:25:30    935   0.000       0   0.000  0.000 
00:25:31    935   0.000       0   0.000  0.000 
00:25:32    934   0.000       0   0.000  0.000 
00:25:33    935   0.000       0   0.000  0.000 
00:25:34    934   0.000       0   0.000  0.000 
00:25:35    935   0.000       0   0.000  0.000 
00:25:36    934   0.000       0   0.000  0.000 
00:25:37    935   0.000       0   0.000  0.000 
00:25:38    935   0.000       0   0.000  0.000 
00:25:39    935   0.000       0   0.000  0.000 
00:25:40    935   0.000       0   0.000  0.000 
00:25:41    935   0.000       0   0.000  0.000 
00:25:42    935   0.000       0   0.000  0.000 
00:25:43    935   0.000       0   0.000  0.000 
00:25:44    935   0.000       0   0.000  0.000 
00:25:45    934   0.000       0   0.000  0.000 
00:25:46    935   0.000       0   0.000  0.000 
00:25:47    935   0.000       0   0.000  0.000 
00:25:48    934   0.000       0   0.000  0.000 
00:25:49    935   0.000       0   0.000  0.000 
00:25:50    934   0.000       0   0.000  0.000 
00:25:51    935   0.000       0   0.000  0.000 
00:25:52    934   0.000       0   0.000  0.000 
00:25:53    935   0.000       0   0.000  0.000 
00:25:54    934   0.000       0   0.000  0.000 
00:25:55    934   0.000       0   0.000  0.000 
00:25:56    934   0.000       0   0.000  0.000 
00:25:57    934   0.000       0   0.000  0.000 
00:25:58    935   0.000       0   0.000  0.000 
00:25:59    934   0.000       0   0.000  0.000 
00:26:00    935   0.000       0   0.000  0.000 
00:26:01    935   0.000       0   0.000  0.000 
00:26:02    935   0.000       0   0.000  0.000 
00:26:03    935   0.000       0   0.000  0.000 
00:26:04    934   0.000       0   0.000  0.000 
00:26:05    935   0.000       0   0.000  0.000 
00:26:06    934   0.000       0   0.000  0.000 
00:26:07    935   0.000       0   0.000  0.000 
00:26:08    934   0.000       0   0.000  0.000 
00:26:09    934   0.000       0   0.000  0.000 
00:26:10    935   0.000       0   0.000  0.000 
00:26:11    934   0.000       0   0.000  0.000 
00:26:12    935   0.000       0   0.000  0.000 
00:26:13    934   0.000       0   0.000  0.000 
00:26:14    935   0.000       0   0.000  0.000 
00:26:15    934   0.000       0   0.000  0.000 
00:26:16    935   0.000       0   0.000  0.000 
00:26:17    934   0.000       0   0.000  0.000 
00:26:18    934   0.000       0   0.000  0.000 
00:26:19    935   0.000       0   0.000  0.000 
00:26:20    935   0.000       0   0.000  0.000 
00:26:21    934   0.000       0   0.000  0.000 
00:26:22    935   0.000       0   0.000  0.000 
00:26:23    934   0.000       0   0.000  0.000 
00:26:24    935   0.000       0   0.000  0.000 
00:26:25    935   0.000       0   0.000  0.000 
00:26:26    935   0.000       0   0.000  0.000 
00:26:27    935   0.000       0   0.000  0.000 
00:26:28    936   0.000       0   0.000  0.000 
00:26:29    935   0.000       0   0.000  0.000 
00:26:30    935   0.000       0   0.000  0.000 
00:26:31    935   0.000       0   0.000  0.000 
00:26:32    936   0.000       0   0.000  0.000 
00:26:33    935   0.000       0   0.000  0.000 
00:26:34    935   0.000       0   0.000  0.000 
00:26:35    936   0.000       0   0.000  0.000 
00:26:36    935   0.000       0   0.000  0.000 
00:26:37    935   0.000       0   0.000  0.000 
00:26:38    936   0.000       0   0.000  0.000 
00:26:39    935   0.000       0   0.000  0.000 
00:26:40    935   0.000       0   0.000  0.000 
00:26:41    935   0.000       0   0.000  0.000 
00:26:42    936   0.000       0   0.000  0.000 
00:26:43    935   0.000       0   0.000  0.000 
00:26:44    935   0.000       0   0.000  0.000 
00:26:45    935   0.000       0   0.000  0.000 
00:26:46    934   0.000       0   0.000  0.000 
00:26:47    935   0.000       0   0.000  0.000 
00:26:48    935   0.000       0   0.000  0.000 
00:26:49    934   0.000       0   0.000  0.000 
00:26:50    935   0.000       0   0.000  0.000 
00:26:51    935   0.000       0   0.000  0.000 
00:26:52    934   0.000       0   0.000  0.000 
00:26:53    935   0.000       0   0.000  0.000 
00:26:54    935   0.000       0   0.000  0.000 
00:26:55    934   0.000       0   0.000  0.000 
00:26:56    935   0.000       0   0.000  0.000 
00:26:57    935   0.000       0   0.000  0.000 
00:26:58    934   0.000       0   0.000  0.000 
00:26:59    935   0.000       0   0.000  0.000 
00:27:00    934   0.000       0   0.000  0.000 
00:27:01    935   0.000       0   0.000  0.000 
00:27:02    934   0.000       0   0.000  0.000 
00:27:03    935   0.000       0   0.000  0.000 
00:27:04    934   0.000       0   0.000  0.000 
00:27:05    935   0.000       0   0.000  0.000 
00:27:06    934   0.000       0   0.000  0.000 
00:27:07    935   0.000       0   0.000  0.000 
00:27:08    934   0.000       0   0.000  0.000 
00:27:09    935   0.000       0   0.000  0.000 
00:27:10    934   0.000       0   0.000  0.000 
00:27:11    935   0.000       0   0.000  0.000 
00:27:12    935   0.000       0   0.000  0.000 
00:27:13    934   0.000       0   0.000  0.000 
00:27:14    935   0.000       0   0.000  0.000 
00:27:15    934   0.000       0   0.000  0.000 
00:27:16    935   0.000       0   0.000  0.000 
00:27:17    934   0.000       0   0.000  0.000 
00:27:18    935   0.000       0   0.000  0.000 
00:27:19    934   0.000       0   0.000  0.000 
00:27:20    935   0.000       0   0.000  0.000 
00:27:21    934   0.000       0   0.000  0.000 
00:27:22    935   0.000       0   0.000  0.000 
00:27:23    935   0.000       0   0.000  0.000 
00:27:24    935   0.000       0   0.000  0.000 
00:27:25    936   0.000       0   0.000  0.000 
00:27:26    428   0.000       0   0.000  0.000 
