00:07:19   1146   0.001       0   0.000  0.000 ioctl
00:07:20   1745   0.006       0   0.000  0.001 ioctl
00:07:21   1605   0.001       0   0.000  0.000 clone3
00:07:22   1616   0.001       0   0.000  0.000 clone3
00:07:23   1604   0.001       0   0.000  0.000 fstat
00:07:24   1642   0.001       0   0.000  0.000 clone3
00:07:25   1602   0.001       0   0.000  0.000 write
00:07:26   1634   0.001       0   0.000  0.000 clone3
00:07:27   1609   0.001       0   0.000  0.000 write
00:07:28   1616   0.001       0   0.000  0.000 write
00:07:29   1610   0.001       0   0.000  0.000 write
00:07:30   1610   0.001       0   0.000  0.000 write
00:07:31   1585   0.001       0   0.000  0.000 fstat
00:07:32   1608   0.001       0   0.000  0.000 write
00:07:33   1611   0.001       0   0.000  0.000 write
00:07:34   1615   0.001       0   0.000  0.000 write
00:07:35   1606   0.001       0   0.000  0.000 fstat
00:07:36   1608   0.001       0   0.000  0.000 fstat
00:07:37   1598   0.001       0   0.000  0.000 fstat
00:07:38   1616   0.001       0   0.000  0.000 fstat
00:07:39   1602   0.001       0   0.000  0.000 write
00:07:40   1598   0.001       0   0.000  0.000 write
00:07:41   1617   0.001       0   0.000  0.000 write
00:07:42   1608   0.001       0   0.000  0.000 write
00:07:43   1611   0.001       0   0.000  0.000 fstat
00:07:44   1613   0.001       0   0.000  0.000 write
00:07:45   1611   0.001       0   0.000  0.000 fstat
00:07:46   1619   0.001       0   0.000  0.000 fstat
00:07:47   1609   0.001       0   0.000  0.000 write
00:07:48   1610   0.001       0   0.000  0.000 write
00:07:49   1619   0.001       0   0.000  0.000 fstat
00:07:50   1593   0.001       0   0.000  0.000 write
00:07:51   1620   0.001       0   0.000  0.000 write
00:07:52   1613   0.001       0   0.000  0.000 write
00:07:53   1600   0.001       0   0.000  0.000 write
00:07:54   1611   0.001       0   0.000  0.000 write
00:07:55   1607   0.001       0   0.000  0.000 write
00:07:56   1607   0.001       0   0.000  0.000 write
00:07:57   1611   0.001       0   0.000  0.000 write
00:07:58   1612   0.001       0   0.000  0.000 write
00:07:59   1590   0.001       0   0.000  0.000 write
00:08:00   1618   0.001       0   0.000  0.000 write
00:08:01   1607   0.001       0   0.000  0.000 write
00:08:02   1611   0.001       0   0.000  0.000 fstat
00:08:03   1610   0.001       0   0.000  0.000 write
00:08:04   1611   0.001       0   0.000  0.000 write
00:08:05   1610   0.001       0   0.000  0.000 write
00:08:06   1607   0.001       0   0.000  0.000 fstat
00:08:07   1607   0.001       0   0.000  0.000 write
00:08:08   1605   0.001       0   0.000  0.000 write
00:08:09   1595   0.001       0   0.000  0.000 write
00:08:10   1610   0.001       0   0.000  0.000 write
00:08:11   1601   0.001       0   0.000  0.000 write
00:08:12   1606   0.001       0   0.000  0.000 fstat
00:08:13   1607   0.001       0   0.000  0.000 write
00:08:14   1603   0.001       0   0.000  0.000 write
00:08:15   1607   0.001       0   0.000  0.000 write
00:08:16   1612   0.001       0   0.000  0.000 write
00:08:17   1587   0.001       0   0.000  0.000 write
00:08:18   1606   0.001       0   0.000  0.000 write
00:08:19   1615   0.001       0   0.000  0.000 write
00:08:20   1610   0.001       0   0.000  0.000 write
00:08:21   1610   0.001       0   0.000  0.000 write
00:08:22   1611   0.001       0   0.000  0.000 write
00:08:23   1608   0.001       0   0.000  0.000 fstat
00:08:24   1604   0.001       0   0.000  0.000 write
00:08:25   1613   0.001       0   0.000  0.000 write
00:08:26   1588   0.001       0   0.000  0.000 fstat
00:08:27   1604   0.001       0   0.000  0.000 write
00:08:28   1608   0.001       0   0.000  0.000 fstat
00:08:29   1610   0.001       0   0.000  0.000 write
00:08:30   1612   0.001       0   0.000  0.000 write
00:08:31   1611   0.001       0   0.000  0.000 write
00:08:32   1607   0.001       0   0.000  0.000 write
00:08:33   1605   0.001       0   0.000  0.000 write
00:08:34   1593   0.001       0   0.000  0.000 fstat
00:08:35   1605   0.001       0   0.000  0.000 write
00:08:36   1606   0.001       0   0.000  0.000 write
00:08:37   1602   0.001       0   0.000  0.000 fstat
00:08:38   1613   0.001       0   0.000  0.000 fstat
00:08:39   1607   0.001       0   0.000  0.000 write
00:08:40   1610   0.001       0   0.000  0.000 fstat
00:08:41   1615   0.001       0   0.000  0.000 write
00:08:42   1592   0.001       0   0.000  0.000 write
00:08:43   1602   0.001       0   0.000  0.000 write
00:08:44   1616   0.001       0   0.000  0.000 write
00:08:45   1613   0.001       0   0.000  0.000 write
00:08:46   1619   0.001       0   0.000  0.000 fstat
00:08:47   1611   0.001       0   0.000  0.000 fstat
00:08:48   1609   0.001       0   0.000  0.000 fstat
00:08:49   1602   0.001       0   0.000  0.000 write
00:08:50   1585   0.001       0   0.000  0.000 fstat
00:08:51   1596   0.001       0   0.000  0.000 write
00:08:52   1609   0.001       0   0.000  0.000 write
00:08:53   1609   0.001       0   0.000  0.000 write
00:08:54   1606   0.001       0   0.000  0.000 write
00:08:55   1607   0.001       0   0.000  0.000 fstat
00:08:56   1612   0.001       0   0.000  0.000 write
00:08:57   1585   0.001       0   0.000  0.000 fstat
00:08:58   1616   0.001       0   0.000  0.000 write
00:08:59   1615   0.001       0   0.000  0.000 write
00:09:00   1603   0.001       0   0.000  0.000 fstat
00:09:01   1608   0.001       0   0.000  0.000 write
00:09:02   1614   0.001       0   0.000  0.000 write
00:09:03   1607   0.001       0   0.000  0.000 fstat
00:09:04   1590   0.001       0   0.000  0.000 write
00:09:05   1606   0.001       0   0.000  0.000 fstat
00:09:06   1610   0.001       0   0.000  0.000 fstat
00:09:07   1611   0.001       0   0.000  0.000 write
00:09:08   1602   0.001       0   0.000  0.000 fstat
00:09:09   1613   0.001       0   0.000  0.000 write
00:09:10   1612   0.001       0   0.000  0.000 fstat
00:09:11   1600   0.001       0   0.000  0.000 fstat
00:09:12   1596   0.001       0   0.000  0.000 write
00:09:13   1607   0.001       0   0.000  0.000 write
00:09:14   1617   0.001       0   0.000  0.000 write
00:09:15   1607   0.001       0   0.000  0.000 write
00:09:16   1621   0.001       0   0.000  0.000 write
00:09:17   1604   0.001       0   0.000  0.000 write
00:09:18   1615   0.001       0   0.000  0.000 fstat
00:09:19   1591   0.001       0   0.000  0.000 fstat
00:09:20   1617   0.001       0   0.000  0.000 write
00:09:21   1609   0.001       0   0.000  0.000 fstat
00:09:22   1608   0.001       0   0.000  0.000 fstat
00:09:23   1603   0.001       0   0.000  0.000 write
00:09:24   1611   0.001       0   0.000  0.000 write
00:09:25   1607   0.001       0   0.000  0.000 write
00:09:26   1588   0.001       0   0.000  0.000 write
00:09:27   1607   0.001       0   0.000  0.000 write
00:09:28   1603   0.001       0   0.000  0.000 fstat
00:09:29   1615   0.001       0   0.000  0.000 write
00:09:30   1611   0.001       0   0.000  0.000 fstat
00:09:31   1609   0.001       0   0.000  0.000 fstat
00:09:32   1616   0.001       0   0.000  0.000 write
00:09:33   1587   0.001       0   0.000  0.000 fstat
00:09:34   1614   0.001       0   0.000  0.000 write
00:09:35   1609   0.001       0   0.000  0.000 write
00:09:36   1613   0.001       0   0.000  0.000 write
00:09:37   1609   0.001       0   0.000  0.000 fstat
00:09:38   1614   0.001       0   0.000  0.000 write
00:09:39   1603   0.001       0   0.000  0.000 write
00:09:40   1606   0.001       0   0.000  0.000 write
00:09:41   1590   0.001       0   0.000  0.000 fstat
00:09:42   1613   0.001       0   0.000  0.000 write
00:09:43   1610   0.001       0   0.000  0.000 write
00:09:44   1615   0.001       0   0.000  0.000 fstat
00:09:45   1608   0.001       0   0.000  0.000 write
00:09:46   1615   0.001       0   0.000  0.000 fstat
00:09:47   1601   0.001       0   0.000  0.000 fstat
00:09:48   1586   0.001       0   0.000  0.000 fstat
00:09:49   1608   0.001       0   0.000  0.000 write
00:09:50   1603   0.001       0   0.000  0.000 fstat
00:09:51   1610   0.001       0   0.000  0.000 write
00:09:52   1609   0.001       0   0.000  0.000 write
00:09:53   1606   0.001       0   0.000  0.000 write
00:09:54   1613   0.001       0   0.000  0.000 write
00:09:55   1590   0.001       0   0.000  0.000 write
00:09:56   1604   0.001       0   0.000  0.000 write
00:09:57   1594   0.001       0   0.000  0.000 write
00:09:58   1610   0.001       0   0.000  0.000 write
00:09:59   1607   0.001       0   0.000  0.000 write
00:10:00   1608   0.001       0   0.000  0.000 write
00:10:01   1599   0.001       0   0.000  0.000 write
00:10:02   1598   0.001       0   0.000  0.000 write
00:10:03   1602   0.001       0   0.000  0.000 fstat
00:10:04   1618   0.001       0   0.000  0.000 write
00:10:05   1608   0.001       0   0.000  0.000 write
00:10:06   1610   0.001       0   0.000  0.000 write
00:10:07   1610   0.001       0   0.000  0.000 fstat
00:10:08   1613   0.001       0   0.000  0.000 write
00:10:09   1581   0.001       0   0.000  0.000 write
00:10:10   1608   0.001       0   0.000  0.000 write
00:10:11   1611   0.001       0   0.000  0.000 fstat
00:10:12   1609   0.001       0   0.000  0.000 write
00:10:13   1614   0.001       0   0.000  0.000 write
00:10:14   1615   0.001       0   0.000  0.000 write
00:10:15   1613   0.001       0   0.000  0.000 write
00:10:16   1614   0.001       0   0.000  0.000 fstat
00:10:17   1581   0.001       0   0.000  0.000 fstat
00:10:18   1622   0.001       0   0.000  0.000 write
00:10:19   1614   0.001       0   0.000  0.000 write
00:10:20   1611   0.001       0   0.000  0.000 write
00:10:21   1606   0.001       0   0.000  0.000 write
00:10:22   1616   0.001       0   0.000  0.000 fstat
00:10:23   1612   0.001       0   0.000  0.000 write
00:10:24   1616   0.001       0   0.000  0.000 write
00:10:25   1591   0.001       0   0.000  0.000 write
00:10:26   1609   0.001       0   0.000  0.000 write
00:10:27   1608   0.001       0   0.000  0.000 fstat
00:10:28   1612   0.001       0   0.000  0.000 write
00:10:29   1609   0.001       0   0.000  0.000 fstat
00:10:30   1610   0.001       0   0.000  0.000 write
00:10:31   1599   0.001       0   0.000  0.000 fstat
00:10:32   1593   0.001       0   0.000  0.000 fstat
00:10:33   1605   0.001       0   0.000  0.000 fstat
00:10:34   1605   0.001       0   0.000  0.000 write
00:10:35   1601   0.001       0   0.000  0.000 write
00:10:36   1614   0.001       0   0.000  0.000 write
00:10:37   1605   0.001       0   0.000  0.000 write
00:10:38   1616   0.001       0   0.000  0.000 write
00:10:39   1583   0.001       0   0.000  0.000 fstat
00:10:40   1604   0.001       0   0.000  0.000 fstat
00:10:41   1614   0.001       0   0.000  0.000 fstat
00:10:42   1610   0.001       0   0.000  0.000 write
00:10:43   1609   0.001       0   0.000  0.000 write
00:10:44   1621   0.001       0   0.000  0.000 write
00:10:45   1602   0.001       0   0.000  0.000 fstat
00:10:46   1590   0.001       0   0.000  0.000 write
00:10:47   1608   0.001       0   0.000  0.000 write
00:10:48   1606   0.001       0   0.000  0.000 write
00:10:49   1613   0.001       0   0.000  0.000 write
00:10:50   1603   0.001       0   0.000  0.000 write
00:10:51   1613   0.001       0   0.000  0.000 write
00:10:52   1610   0.001       0   0.000  0.000 write
00:10:53   1611   0.001       0   0.000  0.000 fstat
00:10:54   1593   0.001       0   0.000  0.000 write
00:10:55   1611   0.001       0   0.000  0.000 fstat
00:10:56   1609   0.001       0   0.000  0.000 write
00:10:57   1609   0.001       0   0.000  0.000 fstat
00:10:58   1613   0.001       0   0.000  0.000 write
00:10:59   1614   0.001       0   0.000  0.000 write
00:11:00   1613   0.001       0   0.000  0.000 fstat
00:11:01   1586   0.001       0   0.000  0.000 write
00:11:02   1612   0.001       0   0.000  0.000 write
00:11:03   1606   0.001       0   0.000  0.000 fstat
00:11:04   1610   0.001       0   0.000  0.000 fstat
00:11:05   1612   0.001       0   0.000  0.000 fstat
00:11:06   1609   0.001       0   0.000  0.000 fstat
00:11:07   1609   0.001       0   0.000  0.000 write
00:11:08   1608   0.001       0   0.000  0.000 fstat
00:11:09   1586   0.001       0   0.000  0.000 write
00:11:10   1608   0.001       0   0.000  0.000 fstat
00:11:11   1611   0.001       0   0.000  0.000 fstat
00:11:12   1612   0.001       0   0.000  0.000 write
00:11:13   1616   0.001       0   0.000  0.000 write
00:11:14   1619   0.001       0   0.000  0.000 write
00:11:15   1610   0.001       0   0.000  0.000 write
00:11:16   1594   0.001       0   0.000  0.000 write
00:11:17   1614   0.001       0   0.000  0.000 fstat
00:11:18   1609   0.001       0   0.000  0.000 fstat
00:11:19   1615   0.001       0   0.000  0.000 fstat
00:11:20   1615   0.001       0   0.000  0.000 write
00:11:21   1612   0.001       0   0.000  0.000 fstat
00:11:22   1621   0.001       0   0.000  0.000 write
00:11:23   1607   0.001       0   0.000  0.000 write
00:11:24   1589   0.001       0   0.000  0.000 write
00:11:25   1609   0.001       0   0.000  0.000 write
00:11:26   1609   0.001       0   0.000  0.000 fstat
00:11:27   1613   0.001       0   0.000  0.000 write
00:11:28   1611   0.001       0   0.000  0.000 write
00:11:29   1614   0.001       0   0.000  0.000 write
00:11:30   1609   0.001       0   0.000  0.000 fstat
00:11:31   1582   0.001       0   0.000  0.000 fstat
00:11:32   1610   0.001       0   0.000  0.000 write
00:11:33   1614   0.001       0   0.000  0.000 fstat
00:11:34   1616   0.001       0   0.000  0.000 fstat
00:11:35   1607   0.001       0   0.000  0.000 write
00:11:36   1610   0.001       0   0.000  0.000 write
00:11:37   1601   0.001       0   0.000  0.000 fstat
00:11:38   1586   0.001       0   0.000  0.000 write
00:11:39   1611   0.001       0   0.000  0.000 fstat
00:11:40   1618   0.001       0   0.000  0.000 write
00:11:41   1611   0.001       0   0.000  0.000 write
00:11:42   1608   0.001       0   0.000  0.000 write
00:11:43   1612   0.001       0   0.000  0.000 fstat
00:11:44   1607   0.001       0   0.000  0.000 write
00:11:45   1583   0.001       0   0.000  0.000 write
00:11:46   1619   0.001       0   0.000  0.000 fstat
00:11:47   1611   0.001       0   0.000  0.000 fstat
00:11:48   1606   0.001       0   0.000  0.000 fstat
00:11:49   1615   0.001       0   0.000  0.000 write
00:11:50   1616   0.001       0   0.000  0.000 fstat
00:11:51   1601   0.001       0   0.000  0.000 write
00:11:52   1583   0.001       0   0.000  0.000 write
00:11:53   1609   0.001       0   0.000  0.000 write
00:11:54   1613   0.001       0   0.000  0.000 write
00:11:55   1602   0.001       0   0.000  0.000 write
00:11:56   1614   0.001       0   0.000  0.000 write
00:11:57   1603   0.001       0   0.000  0.000 write
00:11:58   1604   0.001       0   0.000  0.000 write
00:11:59   1616   0.001       0   0.000  0.000 fstat
00:12:00   1583   0.001       0   0.000  0.000 fstat
00:12:01   1606   0.001       0   0.000  0.000 fstat
00:12:02   1616   0.001       0   0.000  0.000 fstat
00:12:03   1602   0.001       0   0.000  0.000 fstat
00:12:04   1609   0.001       0   0.000  0.000 write
00:12:05   1606   0.001       0   0.000  0.000 write
00:12:06   1609   0.001       0   0.000  0.000 write
00:12:07   1580   0.001       0   0.000  0.000 fstat
00:12:08   1611   0.001       0   0.000  0.000 write
00:12:09   1607   0.001       0   0.000  0.000 fstat
00:12:10   1620   0.001       0   0.000  0.000 fstat
00:12:11   1607   0.001       0   0.000  0.000 write
00:12:12   1606   0.001       0   0.000  0.000 write
00:12:13   1605   0.001       0   0.000  0.000 fstat
00:12:14   1595   0.001       0   0.000  0.000 fstat
00:12:15   1600   0.001       0   0.000  0.000 write
00:12:16   1607   0.001       0   0.000  0.000 write
00:12:17   1610   0.001       0   0.000  0.000 fstat
00:12:18   1607   0.001       0   0.000  0.000 write
00:12:19   1605   0.001       0   0.000  0.000 write
00:12:20   1608   0.001       0   0.000  0.000 fstat
00:12:21   1608   0.001       0   0.000  0.000 fstat
00:12:22   1591   0.001       0   0.000  0.000 fstat
00:12:23   1608   0.001       0   0.000  0.000 write
00:12:24   1607   0.001       0   0.000  0.000 write
00:12:25   1607   0.001       0   0.000  0.000 write
00:12:26   1613   0.001       0   0.000  0.000 write
00:12:27   1603   0.001       0   0.000  0.000 fstat
00:12:28   1603   0.001       0   0.000  0.000 fstat
00:12:29   1579   0.001       0   0.000  0.000 write
00:12:30   1616   0.001       0   0.000  0.000 fstat
00:12:31   1611   0.001       0   0.000  0.000 write
00:12:32   1605   0.001       0   0.000  0.000 write
00:12:33   1612   0.001       0   0.000  0.000 fstat
00:12:34   1613   0.001       0   0.000  0.000 write
00:12:35   1609   0.001       0   0.000  0.000 write
00:12:36   1615   0.001       0   0.000  0.000 fstat
00:12:37   1587   0.001       0   0.000  0.000 fstat
00:12:38   1604   0.001       0   0.000  0.000 write
00:12:39   1617   0.001       0   0.000  0.000 fstat
00:12:40   1612   0.001       0   0.000  0.000 write
00:12:41   1606   0.001       0   0.000  0.000 fstat
00:12:42   1614   0.001       0   0.000  0.000 write
00:12:43   1615   0.001       0   0.000  0.000 write
00:12:44   1610   0.001       0   0.000  0.000 write
00:12:45   1587   0.001       0   0.000  0.000 fstat
00:12:46   1610   0.001       0   0.000  0.000 write
00:12:47   1603   0.001       0   0.000  0.000 write
00:12:48   1614   0.001       0   0.000  0.000 write
00:12:49   1609   0.001       0   0.000  0.000 write
00:12:50   1614   0.001       0   0.000  0.000 fstat
00:12:51   1601   0.001       0   0.000  0.000 write
00:12:52   1598   0.001       0   0.000  0.000 write
00:12:53   1622   0.001       0   0.000  0.000 write
00:12:54   1625   0.001       0   0.000  0.000 write
00:12:55   1619   0.001       0   0.000  0.000 write
00:12:56   1600   0.001       0   0.000  0.000 write
00:12:57   1605   0.001       0   0.000  0.000 fstat
00:12:58   1612   0.001       0   0.000  0.000 write
00:12:59   1595   0.001       0   0.000  0.000 write
00:13:00   1606   0.001       0   0.000  0.000 write
00:13:01   1604   0.001       0   0.000  0.000 fstat
00:13:02   1602   0.001       0   0.000  0.000 write
00:13:03   1606   0.001       0   0.000  0.000 fstat
00:13:04   1612   0.001       0   0.000  0.000 write
00:13:05   1614   0.001       0   0.000  0.000 write
00:13:06   1591   0.001       0   0.000  0.000 write
00:13:07   1606   0.001       0   0.000  0.000 write
00:13:08   1617   0.001       0   0.000  0.000 write
00:13:09   1618   0.001       0   0.000  0.000 fstat
00:13:10   1605   0.001       0   0.000  0.000 fstat
00:13:11   1601   0.001       0   0.000  0.000 write
00:13:12   1620   0.001       0   0.000  0.000 fstat
00:13:13   1619   0.001       0   0.000  0.000 fstat
00:13:14   1596   0.001       0   0.000  0.000 write
00:13:15   1606   0.001       0   0.000  0.000 write
00:13:16   1611   0.001       0   0.000  0.000 write
00:13:17   1607   0.001       0   0.000  0.000 write
00:13:18   1607   0.001       0   0.000  0.000 fstat
00:13:19   1611   0.001       0   0.000  0.000 fstat
00:13:20   1616   0.001       0   0.000  0.000 write
00:13:21   1584   0.001       0   0.000  0.000 write
00:13:22   1608   0.001       0   0.000  0.000 write
00:13:23   1612   0.001       0   0.000  0.000 fstat
00:13:24   1606   0.001       0   0.000  0.000 fstat
00:13:25   1608   0.001       0   0.000  0.000 write
00:13:26   1611   0.001       0   0.000  0.000 write
00:13:27   1604   0.001       0   0.000  0.000 write
00:13:28   1593   0.001       0   0.000  0.000 fstat
00:13:29   1593   0.001       0   0.000  0.000 fstat
00:13:30   1614   0.001       0   0.000  0.000 write
00:13:31   1594   0.001       0   0.000  0.000 fstat
00:13:32   1606   0.001       0   0.000  0.000 write
00:13:33   1610   0.001       0   0.000  0.000 write
00:13:34   1604   0.001       0   0.000  0.000 write
00:13:35   1584   0.001       0   0.000  0.000 write
00:13:36   1597   0.001       0   0.000  0.000 write
00:13:37   1611   0.001       0   0.000  0.000 write
00:13:38   1607   0.001       0   0.000  0.000 fstat
00:13:39   1609   0.001       0   0.000  0.000 write
00:13:40   1608   0.001       0   0.000  0.000 write
00:13:41   1609   0.001       0   0.000  0.000 fstat
00:13:42   1616   0.001       0   0.000  0.000 write
00:13:43   1583   0.001       0   0.000  0.000 write
00:13:44   1613   0.001       0   0.000  0.000 write
00:13:45   1603   0.001       0   0.000  0.000 fstat
00:13:46   1587   0.001       0   0.000  0.000 write
00:13:47   1627   0.001       0   0.000  0.000 write
00:13:48   1630   0.001       0   0.000  0.000 write
00:13:49   1628   0.001       0   0.000  0.000 write
00:13:50   1627   0.001       0   0.000  0.000 fstat
00:13:51   1630   0.001       0   0.000  0.000 write
00:13:52   1627   0.001       0   0.000  0.000 write
00:13:53   1626   0.001       0   0.000  0.000 fstat
00:13:54   1606   0.001       0   0.000  0.000 write
00:13:55   1624   0.001       0   0.000  0.000 fstat
00:13:56   1614   0.001       0   0.000  0.000 fstat
00:13:57   1611   0.001       0   0.000  0.000 write
00:13:58   1620   0.001       0   0.000  0.000 write
00:13:59   1623   0.001       0   0.000  0.000 write
00:14:00   1622   0.001       0   0.000  0.000 fstat
00:14:01   1616   0.001       0   0.000  0.000 fstat
00:14:02   1621   0.001       0   0.000  0.000 write
00:14:03   1615   0.001       0   0.000  0.000 fstat
00:14:04   1607   0.001       0   0.000  0.000 fstat
00:14:05   1619   0.001       0   0.000  0.000 write
00:14:06   1620   0.001       0   0.000  0.000 fstat
00:14:07   1617   0.001       0   0.000  0.000 fstat
00:14:08   1620   0.001       0   0.000  0.000 fstat
00:14:09   1623   0.001       0   0.000  0.000 write
00:14:10   1620   0.001       0   0.000  0.000 fstat
00:14:11   1608   0.001       0   0.000  0.000 fstat
00:14:12   1598   0.001       0   0.000  0.000 fstat
00:14:13   1622   0.001       0   0.000  0.000 fstat
00:14:14   1612   0.001       0   0.000  0.000 write
00:14:15   1620   0.001       0   0.000  0.000 fstat
00:14:16   1620   0.001       0   0.000  0.000 write
00:14:17   1619   0.001       0   0.000  0.000 fstat
00:14:18   1617   0.001       0   0.000  0.000 fstat
00:14:19   1621   0.001       0   0.000  0.000 write
00:14:20   1625   0.001       0   0.000  0.000 write
00:14:21   1619   0.001       0   0.000  0.000 fstat
00:14:22   1614   0.001       0   0.000  0.000 write
00:14:23   1613   0.001       0   0.000  0.000 write
00:14:24   1620   0.001       0   0.000  0.000 fstat
00:14:25   1616   0.001       0   0.000  0.000 write
00:14:26   1620   0.001       0   0.000  0.000 fstat
00:14:27   1607   0.001       0   0.000  0.000 fstat
00:14:28   1613   0.001       0   0.000  0.000 write
00:14:29   1616   0.001       0   0.000  0.000 write
00:14:30   1620   0.001       0   0.000  0.000 fstat
00:14:31   1613   0.001       0   0.000  0.000 fstat
00:14:32   1616   0.001       0   0.000  0.000 write
00:14:33   1590   0.001       0   0.000  0.000 fstat
00:14:34   1617   0.001       0   0.000  0.000 write
00:14:35   1614   0.001       0   0.000  0.000 write
00:14:36   1621   0.001       0   0.000  0.000 fstat
00:14:37   1616   0.001       0   0.000  0.000 fstat
00:14:38   1619   0.001       0   0.000  0.000 write
00:14:39   1621   0.001       0   0.000  0.000 fstat
00:14:40   1619   0.001       0   0.000  0.000 write
00:14:41   1621   0.001       0   0.000  0.000 fstat
00:14:42   1616   0.001       0   0.000  0.000 write
00:14:43   1614   0.001       0   0.000  0.000 fstat
00:14:44   1625   0.001       0   0.000  0.000 write
00:14:45   1612   0.001       0   0.000  0.000 fstat
00:14:46   1615   0.001       0   0.000  0.000 write
00:14:47   1616   0.001       0   0.000  0.000 write
00:14:48   1620   0.001       0   0.000  0.000 fstat
00:14:49   1612   0.001       0   0.000  0.000 write
00:14:50   1625   0.001       0   0.000  0.000 write
00:14:51   1615   0.001       0   0.000  0.000 fstat
00:14:52   1614   0.001       0   0.000  0.000 fstat
00:14:53   1625   0.001       0   0.000  0.000 write
00:14:54   1619   0.001       0   0.000  0.000 write
00:14:55   1595   0.001       0   0.000  0.000 fstat
00:14:56   1609   0.001       0   0.000  0.000 write
00:14:57   1623   0.001       0   0.000  0.000 write
00:14:58   1617   0.001       0   0.000  0.000 write
00:14:59   1609   0.001       0   0.000  0.000 fstat
00:15:00   1621   0.001       0   0.000  0.000 fstat
00:15:01   1622   0.001       0   0.000  0.000 write
00:15:02   1614   0.001       0   0.000  0.000 fstat
00:15:03   1614   0.001       0   0.000  0.000 write
00:15:04   1618   0.001       0   0.000  0.000 write
00:15:05   1620   0.001       0   0.000  0.000 write
00:15:06   1614   0.001       0   0.000  0.000 write
00:15:07   1614   0.001       0   0.000  0.000 write
00:15:08   1615   0.001       0   0.000  0.000 fstat
00:15:09   1612   0.001       0   0.000  0.000 write
00:15:10   1616   0.001       0   0.000  0.000 fstat
00:15:11   1614   0.001       0   0.000  0.000 write
00:15:12   1582   0.001       0   0.000  0.000 fstat
00:15:13   1615   0.001       0   0.000  0.000 write
00:15:14   1618   0.001       0   0.000  0.000 fstat
00:15:15   1618   0.001       0   0.000  0.000 fstat
00:15:16   1613   0.001       0   0.000  0.000 write
00:15:17   1618   0.001       0   0.000  0.000 fstat
00:15:18   1611   0.001       0   0.000  0.000 write
00:15:19   1618   0.001       0   0.000  0.000 write
00:15:20   7075   0.118      68   0.018  0.001 ioctl
00:15:21  40884   0.391     201   0.054  0.001 ioctl
00:15:22  41841   0.363     155   0.041  0.000 fsync
00:15:23  33263   0.236     111   0.029  0.000 fsync
00:15:24  51318   0.624      40   0.013  0.001 fsync
00:15:25  50821   0.627      34   0.011  0.001 fsync
00:15:26  49684   0.583      22   0.009  0.001 fsync
00:15:27  48567   0.639      27   0.011  0.001 fsync
00:15:28  47831   0.609      12   0.006  0.001 fsync
00:15:29  46611   0.505      14   0.008  0.001 fsync
00:15:30  53724   0.700      13   0.008  0.001 fsync
00:15:31  56187   0.827      15   0.008  0.001 fsync
00:15:32  57937   0.844      17   0.010  0.001 fsync
00:15:33  58688   0.939      18   0.009  0.001 fsync
00:15:34  57054   0.902      19   0.010  0.001 fsync
00:15:35  55869   0.808      27   0.012  0.001 fsync
00:15:36  53755   0.699      21   0.010  0.001 fsync
00:15:37  54339   0.781      18   0.010  0.001 fsync
00:15:38  51491   0.632      15   0.009  0.001 fsync
00:15:39  51805   0.668      16   0.009  0.004 write
00:15:40  50891   0.660      10   0.006  0.001 openat
00:15:41  52419   0.716       8   0.006  0.001 fsync
00:15:42  53195   0.767      15   0.009  0.001 fsync
00:15:43  55355   0.821      28   0.014  0.001 fsync
00:15:44  56606   0.874      33   0.015  0.001 fsync
00:15:45  60044   1.092      28   0.012  0.001 fsync
00:15:46  57961   1.018      28   0.014  0.001 fsync
00:15:47  52140   0.701      32   0.013  0.001 fsync
00:15:48  53479   0.739      34   0.015  0.001 fsync
00:15:49  53514   0.761      40   0.015  0.001 fsync
00:15:50  52829   0.733      38   0.015  0.001 fsync
00:15:51  33532   0.188      70   0.020  0.001 fsync
00:15:52  49891   0.349      34   0.012  0.001 fsync
00:15:53  45345   0.292      20   0.008  0.001 fsync
00:15:54  33419   0.177      31   0.009  0.000 fsync
00:15:55  48920   0.333      26   0.010  0.001 fsync
00:15:56  46125   0.308      43   0.013  0.001 fsync
00:15:57  31295   0.175      48   0.013  0.000 fsync
00:15:58  49432   0.354      48   0.016  0.001 fsync
00:15:59  48925   0.331      32   0.010  0.001 fsync
00:16:00  34096   0.196      36   0.011  0.001 fsync
00:16:01  44235   0.307      56   0.017  0.001 fsync
00:16:02  47295   0.329      49   0.015  0.001 fsync
00:16:03  33497   0.194      38   0.011  0.001 fsync
00:16:04  41174   0.268      34   0.011  0.001 fsync
00:16:05  49001   0.340      23   0.008  0.001 fsync
00:16:06  35481   0.207      28   0.008  0.000 fsync
00:16:07  40315   0.348      22   0.009  0.004 madvise
00:16:08  26587   0.250      10   0.005  0.001 fsync
00:16:09  28371   0.350      35   0.013  0.014 openat
00:16:10  53893   0.691      11   0.025  0.020 fsync
00:16:11  53778   1.192      13   0.022  0.017 fsync
00:16:12  38099   0.416      12   0.024  0.019 fsync
00:16:13  32156   0.345       6   0.029  0.019 fsync
00:16:14  34854   0.379      66   0.036  0.019 fsync
00:16:15  33866   0.338       8   0.032  0.018 fsync
00:16:16  34106   0.324       1   0.018  0.018 fsync
00:16:17  37858   0.388      34   0.028  0.017 fsync
00:16:18  50792   1.306      91   0.048  0.018 fsync
00:16:19  63416   1.693      32   0.029  0.018 fsync
00:16:20  64161   2.025      26   0.010  0.001 fsync
00:16:21  57641   1.844      26   0.028  0.020 fsync
00:16:22  42410   0.975       4   0.020  0.019 fsync
00:16:23  38454   0.324       2   0.018  0.018 fsync
00:16:24  34255   0.349       3   0.038  0.020 fsync
00:16:25  32812   0.335       1   0.019  0.019 fsync
00:16:26  33562   0.345       2   0.018  0.018 fsync
00:16:27  33416   0.343       6   0.022  0.018 fsync
00:16:28  36164   0.344       5   0.029  0.019 fsync
00:16:29  36801   0.352       6   0.035  0.019 fsync
00:16:30  33993   0.346       2   0.020  0.019 fsync
00:16:31  39758   0.339       5   0.034  0.020 fsync
00:16:32  35701   0.350       6   0.028  0.019 fsync
00:16:33  33742   0.345       5   0.017  0.016 fsync
00:16:34  32813   0.353       6   0.032  0.020 fsync
00:16:35  33524   0.347       1   0.017  0.017 fsync
00:16:36  33149   0.352       6   0.029  0.017 fsync
00:16:37  36274   0.335       6   0.019  0.018 fsync
00:16:38  39838   0.338       5   0.030  0.018 fsync
00:16:39  34486   0.345       6   0.027  0.018 fsync
00:16:40  34100   0.343       2   0.018  0.017 fsync
00:16:41  39326   0.340       5   0.031  0.018 fsync
00:16:42  33309   0.348       6   0.025  0.018 fsync
00:16:43  31977   0.332       2   0.018  0.017 fsync
00:16:44  34933   0.327       1   0.018  0.018 fsync
00:16:45  38084   0.336       3   0.035  0.017 fsync
00:16:46  33362   0.337       7   0.019  0.018 fsync
00:16:47  36132   0.324       1   0.018  0.018 fsync
00:16:48  32859   0.346       5   0.036  0.018 fsync
00:16:49  33019   0.341       4   0.018  0.018 fsync
00:16:50  32754   0.341       4   0.018  0.017 fsync
00:16:51  33707   0.340       4   0.018  0.017 fsync
00:16:52  33653   0.363       5   0.036  0.018 fsync
00:16:53   6481   0.123       7   0.005  0.006 close
00:16:54  17191   0.496       3   0.001  0.000 fsync
00:16:55  46416   1.432       9   0.004  0.001 fsync
00:16:56  43611   1.308      15   0.005  0.001 fsync
00:16:57   3109   0.028      14   0.004  0.001 ioctl
00:16:58   2255   0.007       3   0.001  0.000 fsync
00:16:59   2246   0.006       3   0.001  0.000 fsync
00:17:00   2123   0.005       0   0.000  0.000 unlink
00:17:01   2121   0.005       3   0.001  0.001 fsync
00:17:02   2126   0.005       3   0.001  0.001 fsync
00:17:03   2256   0.006       3   0.001  0.000 fsync
00:17:04   2228   0.006       3   0.001  0.000 fsync
00:17:05   2214   0.006       3   0.001  0.000 fsync
00:17:06   2207   0.006       3   0.001  0.000 fsync
00:17:07   2245   0.006       3   0.001  0.000 fsync
00:17:08   2280   0.006       3   0.001  0.000 fsync
00:17:09   2254   0.007       3   0.001  0.000 fsync
00:17:10   2222   0.006       3   0.001  0.000 fsync
00:17:11   2285   0.006       3   0.001  0.000 fsync
00:17:12   2179   0.006       3   0.001  0.000 fsync
00:17:13   2302   0.007       3   0.001  0.000 fsync
00:17:14   2265   0.006       3   0.001  0.000 fsync
00:17:15   2242   0.006       3   0.001  0.000 fsync
00:17:16   2185   0.005       3   0.001  0.000 fsync
00:17:17   2244   0.006       3   0.001  0.000 fsync
00:17:18   2176   0.006       3   0.001  0.000 fsync
00:17:19   2249   0.006       3   0.001  0.000 fsync
00:17:20   2140   0.005       3   0.001  0.000 fsync
00:17:21   2251   0.006       3   0.001  0.000 fsync
00:17:22   2177   0.006       3   0.001  0.000 fsync
00:17:23   2182   0.006       3   0.001  0.000 fsync
00:17:24   2204   0.006       3   0.001  0.000 fsync
00:17:25   2206   0.006       3   0.001  0.000 fsync
00:17:26   2203   0.005       3   0.001  0.000 fsync
00:17:27   2291   0.006       3   0.001  0.000 fsync
00:17:28   2173   0.005       3   0.001  0.000 fsync
00:17:29   2322   0.006       3   0.001  0.000 fsync
00:17:30   2171   0.006       3   0.001  0.000 fsync
00:17:31   2256   0.007       3   0.001  0.000 fsync
00:17:32   2218   0.006       3   0.001  0.000 fsync
00:17:33   2183   0.006       3   0.001  0.000 fsync
00:17:34   2266   0.006       3   0.001  0.000 fsync
00:17:35   2291   0.007       3   0.001  0.000 fsync
00:17:36   2184   0.006       3   0.001  0.000 fsync
00:17:37   2229   0.006       3   0.001  0.000 fsync
00:17:38   2144   0.006       3   0.001  0.000 fsync
00:17:39   2324   0.006       3   0.001  0.000 fsync
00:17:40   2186   0.006       3   0.001  0.000 fsync
00:17:41   2316   0.006       3   0.001  0.000 fsync
00:17:42   2229   0.007       3   0.001  0.000 fsync
00:17:43   2258   0.006       3   0.001  0.000 fsync
00:17:44   2231   0.006       3   0.001  0.000 fsync
00:17:45   2230   0.006       3   0.001  0.000 fsync
00:17:46   2195   0.006       3   0.001  0.000 fsync
00:17:47   2288   0.006       3   0.001  0.000 fsync
00:17:48   2164   0.005       3   0.001  0.000 fsync
00:17:49   2303   0.006       3   0.001  0.000 fsync
00:17:50   2249   0.006       3   0.001  0.000 fsync
00:17:51   2011   0.003       0   0.000  0.000 write
00:17:52   2184   0.005       3   0.001  0.000 fsync
00:17:53   2275   0.006       3   0.001  0.000 fsync
00:17:54   2266   0.006       3   0.001  0.000 fsync
00:17:55   2248   0.006       3   0.001  0.000 fsync
00:17:56   2251   0.006       3   0.001  0.000 fsync
00:17:57   2294   0.006       3   0.001  0.000 fsync
00:17:58   2197   0.006       3   0.001  0.000 fsync
00:17:59   2308   0.007       3   0.001  0.000 fsync
00:18:00   2208   0.006       3   0.001  0.000 fsync
00:18:01   2192   0.006       3   0.001  0.000 fsync
00:18:02   2273   0.006       3   0.001  0.000 fsync
00:18:03   2280   0.006       3   0.001  0.000 fsync
00:18:04   2205   0.006       3   0.001  0.000 fsync
00:18:05   2289   0.006       3   0.001  0.000 fsync
00:18:06   2241   0.006       3   0.001  0.000 fsync
00:18:07   2289   0.006       3   0.001  0.000 fsync
00:18:08   2240   0.006       3   0.001  0.000 fsync
00:18:09   2170   0.006       3   0.001  0.000 fsync
00:18:10   2288   0.007       3   0.001  0.000 fsync
00:18:11   2265   0.006       3   0.001  0.000 fsync
00:18:12   2214   0.006       3   0.001  0.000 fsync
00:18:13   2309   0.006       3   0.001  0.000 fsync
00:18:14   2243   0.006       3   0.001  0.000 fsync
00:18:15   2243   0.006       3   0.001  0.000 fsync
00:18:16   2229   0.006       3   0.001  0.000 fsync
00:18:17   2249   0.006       3   0.001  0.000 fsync
00:18:18   2237   0.006       3   0.001  0.000 fsync
00:18:19   2278   0.006       3   0.001  0.000 fsync
00:18:20   2192   0.006       3   0.001  0.000 fsync
00:18:21   2252   0.005       3   0.001  0.000 fsync
00:18:22   2173   0.006       3   0.001  0.000 fsync
00:18:23   2222   0.006       3   0.001  0.000 fsync
00:18:24   2277   0.006       3   0.001  0.000 fsync
00:18:25   2317   0.006       3   0.001  0.000 fsync
00:18:26   2215   0.006       3   0.001  0.000 fsync
00:18:27   2281   0.006       3   0.001  0.000 fsync
00:18:28   2205   0.006       3   0.001  0.000 fsync
00:18:29  20832   0.196     271   0.076  0.001 ioctl
00:18:30  11977   0.102      56   0.016  0.001 ioctl
00:18:31  17887   0.168     184   0.051  0.000 fsync
00:18:32  23985   0.230     349   0.098  0.000 fsync
00:18:33  19145   0.173      93   0.026  0.001 fsync
00:18:34  12656   0.104       3   0.001  0.001 fsync
00:18:35  11242   0.091       3   0.001  0.001 fsync
00:18:36  12044   0.098       0   0.000  0.000 write
00:18:37  14363   0.119       3   0.001  0.001 fsync
00:18:38  12172   0.101       3   0.002  0.001 fsync
00:18:39  11083   0.090       3   0.001  0.001 fsync
00:18:40  14896   0.124       3   0.001  0.001 fsync
00:18:41  13667   0.114       3   0.002  0.001 fsync
00:18:42  11136   0.091       6   0.002  0.001 fsync
00:18:43  13898   0.113       3   0.001  0.000 fsync
00:18:44  14449   0.121       9   0.004  0.001 fsync
00:18:45  10838   0.088       3   0.001  0.001 fsync
00:18:46  14446   0.121       9   0.004  0.001 fsync
00:18:47  14155   0.118       3   0.001  0.001 fsync
00:18:48  10870   0.087       3   0.001  0.001 fsync
00:18:49  14077   0.114       3   0.001  0.001 fsync
00:18:50  13988   0.116       3   0.002  0.001 fsync
00:18:51  10793   0.088       3   0.001  0.001 fsync
00:18:52  14041   0.119       3   0.002  0.001 fsync
00:18:53  18722   0.161       6   0.003  0.001 fsync
00:18:54  24962   0.243      48   0.015  0.001 fsync
00:18:55  42575   0.510      36   0.012  0.001 fsync
00:18:56  46287   0.572      22   0.024  0.018 fsync
00:18:57  44732   0.557       8   0.036  0.018 fsync
00:18:58  46273   0.559      28   0.026  0.018 fsync
00:18:59  46920   0.562      25   0.017  0.009 fsync
00:19:00  45375   0.561      14   0.034  0.018 fsync
00:19:01  46214   0.563      19   0.023  0.018 fsync
00:19:02  45881   0.553      13   0.022  0.017 fsync
00:19:03  46558   0.564      22   0.024  0.018 fsync
00:19:04  45867   0.538      13   0.021  0.018 fsync
00:19:05  46220   0.551      10   0.021  0.018 fsync
00:19:06  44619   0.537      19   0.023  0.018 fsync
00:19:07  44653   0.521       4   0.019  0.018 fsync
00:19:08  44729   0.573     117   0.051  0.018 fsync
00:19:09  46185   0.602     186   0.074  0.019 fsync
00:19:10  46222   0.672     199   0.079  0.019 fsync
00:19:11  53236   0.864     213   0.084  0.020 fsync
00:19:12  55235   0.904     328   0.115  0.019 fsync
00:19:13  57115   0.968     333   0.115  0.018 fsync
00:19:14  54831   0.986     325   0.100  0.005 close
00:19:15  53826   0.836     343   0.123  0.019 fsync
00:19:16  51382   0.747     295   0.098  0.011 fsync
00:19:17  50530   0.697     243   0.091  0.021 fsync
00:19:18  52447   0.748     282   0.099  0.017 fsync
00:19:19  56165   0.803     354   0.137  0.019 fsync
00:19:20  55033   0.782     306   0.089  0.001 fsync
00:19:21  52713   0.746     302   0.112  0.018 fsync
00:19:22  53613   0.773     334   0.116  0.017 fsync
00:19:23  55142   0.828     370   0.120  0.013 fsync
00:19:24  53037   0.748     326   0.112  0.017 fsync
00:19:25  45859   0.532      95   0.038  0.011 fsync
00:19:26  43890   0.508      47   0.043  0.018 fsync
00:19:27  49446   0.659     197   0.074  0.017 fsync
00:19:28  46412   0.584     173   0.066  0.018 fsync
00:19:29  53803   0.757     306   0.105  0.018 fsync
00:19:30  40529   0.495     380   0.117  0.012 fsync
00:19:31  36258   0.366     412   0.116  0.000 fsync
00:19:32  40618   0.424     434   0.123  0.000 fsync
00:19:33  28836   0.259     311   0.086  0.001 fsync
00:19:34  30074   0.262     341   0.093  0.000 fsync
00:19:35  26579   0.233     272   0.075  0.000 fsync
00:19:36  30033   0.268     309   0.086  0.001 fsync
00:19:37  26119   0.239     260   0.072  0.000 fsync
00:19:38  31358   0.276     333   0.092  0.000 fsync
00:19:39  28742   0.255     224   0.062  0.001 fsync
00:19:40  26855   0.217     215   0.060  0.000 fsync
00:19:41  30672   0.300     273   0.076  0.000 fsync
00:19:42  29536   0.271     260   0.072  0.001 openat
00:19:43  30106   0.276     297   0.083  0.001 fsync
00:19:44  25157   0.236     224   0.063  0.000 fsync
00:19:45  25342   0.228     244   0.067  0.000 fsync
00:19:46  25805   0.226     268   0.074  0.000 fsync
00:19:47  28665   0.274     322   0.088  0.001 fsync
00:19:48  31401   0.356     231   0.066  0.001 fsync
00:19:49  44316   0.521      58   0.038  0.019 fsync
00:19:50  51856   0.722     258   0.083  0.009 fsync
00:19:51  46726   0.598     141   0.076  0.019 fsync
00:19:52  50556   0.668     201   0.077  0.019 fsync
00:19:53  52276   0.739     277   0.099  0.019 fsync
00:19:54  55067   0.815     310   0.099  0.007 fsync
00:19:55  51967   0.710     247   0.091  0.017 fsync
00:19:56  49548   0.636     224   0.083  0.020 fsync
00:19:57  50981   0.516      97   0.045  0.018 fsync
00:19:58  51692   0.697     285   0.101  0.019 fsync
00:19:59  45812   0.575     148   0.063  0.019 fsync
00:20:00  45288   0.522      49   0.033  0.019 fsync
00:20:01  46363   0.561      94   0.046  0.019 fsync
00:20:02  47829   0.595     113   0.051  0.018 fsync
00:20:03  45746   0.537      57   0.034  0.017 fsync
00:20:04  48167   0.596     136   0.058  0.018 fsync
00:20:05  49656   0.636     179   0.069  0.018 fsync
00:20:06  49619   0.635     156   0.063  0.018 fsync
00:20:07  47481   0.668     152   0.065  0.018 fsync
00:20:08  51566   0.705     240   0.087  0.017 fsync
00:20:09  47754   0.581     132   0.047  0.009 fsync
00:20:10  48576   0.605     106   0.065  0.018 fsync
00:20:11  47518   0.579      92   0.044  0.018 fsync
00:20:12  49161   0.618     154   0.057  0.013 fsync
00:20:13  53514   0.749     198   0.078  0.018 fsync
00:20:14  51325   0.665     186   0.060  0.007 fsync
00:20:15  48645   0.616     140   0.072  0.018 fsync
00:20:16  48667   0.602     125   0.054  0.018 fsync
00:20:17  47656   0.559      70   0.031  0.011 fsync
00:20:18  47921   0.608     141   0.068  0.018 fsync
00:20:19  52088   0.714     204   0.077  0.018 fsync
00:20:20  55926   0.670     180   0.070  0.018 fsync
00:20:21  53941   0.787     261   0.095  0.017 fsync
00:20:22  38069   0.497     215   0.073  0.012 fsync
00:20:23  27106   0.254     191   0.054  0.000 fsync
00:20:24  26814   0.227     188   0.052  0.000 fsync
00:20:25  31335   0.322     277   0.077  0.000 fsync
00:20:26  24770   0.221     218   0.061  0.000 fsync
00:20:27  26717   0.259     230   0.065  0.000 fsync
00:20:28  18921   0.144      43   0.013  0.001 fsync
00:20:29  20839   0.189      91   0.026  0.000 fsync
00:20:30  25518   0.232     201   0.056  0.001 fsync
00:20:31  25320   0.243     188   0.054  0.001 fsync
00:20:32  25582   0.229     197   0.055  0.000 fsync
00:20:33  30297   0.312     286   0.081  0.001 fsync
00:20:34  31968   0.337     335   0.092  0.000 fsync
00:20:35  32116   0.362     210   0.060  0.000 ftruncate
00:20:36  50356   0.696     166   0.066  0.017 fsync
00:20:37  49755   0.703     192   0.072  0.016 fsync
00:20:38  49142   0.665     149   0.061  0.018 fsync
00:20:39  50467   0.658     176   0.068  0.017 fsync
00:20:40  50315   0.672     165   0.057  0.009 fsync
00:20:41  49678   0.705     176   0.083  0.018 fsync
00:20:42  48993   0.621     134   0.040  0.001 fsync
00:20:43  47998   0.634     116   0.071  0.018 fsync
00:20:44  48697   0.639     142   0.041  0.001 fsync
00:20:45  47143   0.598     106   0.049  0.019 fsync
00:20:46  49003   0.634     101   0.065  0.018 fsync
00:20:47  50214   0.644     144   0.042  0.000 fsync
00:20:48  48871   0.623     109   0.049  0.018 fsync
00:20:49  50905   0.703     205   0.076  0.018 fsync
00:20:50  49091   0.658     128   0.055  0.018 fsync
00:20:51  48883   0.640     131   0.057  0.018 fsync
00:20:52  48489   0.628     111   0.052  0.018 fsync
00:20:53  50702   0.676     177   0.070  0.018 fsync
00:20:54  48241   0.586      63   0.036  0.018 fsync
00:20:55  48507   0.701     152   0.067  0.018 fsync
00:20:56  50092   0.671     143   0.069  0.018 fsync
00:20:57  51493   0.658     142   0.059  0.017 fsync
00:20:58  50333   0.692     165   0.064  0.016 fsync
00:20:59  50940   0.694     148   0.061  0.018 fsync
00:21:00  48997   0.632     116   0.047  0.013 fsync
00:21:01  49851   0.683     160   0.072  0.018 fsync
00:21:02  50356   0.675     142   0.061  0.018 fsync
00:21:03  50269   0.656     132   0.052  0.013 fsync
00:21:04  50835   0.689     184   0.071  0.017 fsync
00:21:05  46892   0.554      41   0.023  0.011 fsync
00:21:06  45693   0.562      41   0.041  0.018 fsync
00:21:07  49077   0.662     146   0.060  0.017 fsync
00:21:08  50887   0.716     181   0.072  0.017 fsync
00:21:09  49391   0.659     145   0.060  0.017 fsync
00:21:10  29416   0.349     118   0.048  0.012 fsync
00:21:11  21616   0.189      87   0.025  0.000 fsync
00:21:12  20318   0.165      64   0.019  0.000 fsync
00:21:13  25541   0.250     177   0.049  0.000 fsync
00:21:14  22702   0.206     103   0.029  0.000 fsync
00:21:15  22329   0.203     111   0.032  0.001 fsync
00:21:16  18877   0.152      15   0.005  0.001 fsync
00:21:17  20354   0.176      58   0.017  0.001 fsync
00:21:18  23579   0.234     147   0.042  0.001 fsync
00:21:19  19353   0.172      39   0.012  0.001 fsync
00:21:20  20695   0.183      61   0.019  0.001 fsync
00:21:21  48563   0.641      89   0.047  0.019 fsync
00:21:22  45540   0.575      56   0.026  0.009 fsync
00:21:23  46074   0.580      73   0.041  0.019 fsync
00:21:24  45022   0.544      29   0.022  0.014 fsync
00:21:25  45454   0.566      40   0.047  0.018 fsync
00:21:26  45193   0.539      46   0.021  0.008 fsync
00:21:27  44980   0.536      38   0.029  0.018 fsync
00:21:28  44083   0.523      13   0.022  0.018 fsync
00:21:29  48089   0.621     136   0.059  0.018 fsync
00:21:30  45877   0.564      91   0.044  0.018 fsync
00:21:31  48846   0.654     142   0.059  0.018 fsync
00:21:32  49532   0.700     198   0.077  0.018 fsync
00:21:33  46038   0.570      77   0.040  0.018 fsync
00:21:34  48566   0.659     152   0.062  0.018 fsync
00:21:35  49744   0.695     176   0.069  0.018 fsync
00:21:36  47162   0.580     104   0.048  0.018 fsync
00:21:37  48100   0.620     142   0.059  0.018 fsync
00:21:38  48918   0.658     162   0.067  0.018 fsync
00:21:39  46403   0.688     162   0.069  0.018 fsync
00:21:40  49875   0.688     211   0.079  0.018 fsync
00:21:41  53795   0.696     183   0.083  0.018 fsync
00:21:42  44954   0.553      36   0.026  0.016 fsync
00:21:43  40848   0.455       4   0.019  0.018 fsync
00:21:44  42212   0.479      11   0.016  0.013 fsync
00:21:45  41554   0.485      10   0.028  0.018 fsync
00:21:46  40045   0.438       4   0.019  0.018 fsync
00:21:47  42810   0.427       5   0.032  0.018 fsync
00:21:48  39773   0.434       7   0.013  0.011 fsync
00:21:49  39084   0.449       8   0.034  0.020 fsync
00:21:50  40753   0.448       4   0.019  0.018 fsync
00:21:51  40350   0.448       8   0.020  0.018 fsync
00:21:52  31507   0.362       8   0.033  0.018 fsync
00:21:53   8962   0.068       3   0.001  0.000 fsync
00:21:54  10474   0.082       3   0.001  0.001 fsync
00:21:55  12347   0.101       3   0.002  0.001 fsync
00:21:56  10503   0.084       3   0.002  0.001 fsync
00:21:57   9450   0.072       3   0.001  0.001 fsync
00:21:58   9382   0.074       3   0.001  0.001 fsync
00:21:59  10656   0.085       3   0.001  0.001 fsync
00:22:00  11709   0.094       3   0.002  0.001 fsync
00:22:01   9957   0.079       3   0.002  0.001 fsync
00:22:02   8914   0.069       3   0.001  0.001 fsync
00:22:03  13228   0.111      10   0.004  0.001 fsync
00:22:04  11235   0.093       8   0.003  0.001 fsync
00:22:05  12635   0.103       3   0.002  0.001 fsync
00:22:06  11103   0.087       3   0.002  0.001 fsync
00:22:07  14557   0.121       3   0.002  0.001 fsync
00:22:08  21641   0.186       3   0.002  0.001 fsync
00:22:09  18592   0.171       3   0.002  0.001 fsync
00:22:10  21465   0.181       3   0.002  0.001 fsync
00:22:11  19591   0.165       3   0.002  0.001 fsync
00:22:12  38253   0.643      10   0.005  0.001 fsync
00:22:13  53598   0.943       3   0.002  0.002 fsync
00:22:14  37650   0.723      17   0.007  0.001 fsync
00:22:15  55024   1.820      49   0.016  0.001 fsync
00:22:16  64865   1.865      41   0.033  0.018 fsync
00:22:17  63277   2.053      47   0.016  0.001 fsync
00:22:18  57959   1.898      19   0.022  0.016 fsync
00:22:19  34327   0.358       4   0.019  0.018 fsync
00:22:20  33424   0.358       8   0.029  0.017 fsync
00:22:21  34338   0.344       4   0.019  0.018 fsync
00:22:22  32276   0.348       8   0.032  0.018 fsync
00:22:23  33337   0.334       4   0.019  0.018 fsync
00:22:24  33110   0.335       4   0.018  0.017 fsync
00:22:25  34444   0.330       4   0.018  0.017 fsync
00:22:26  33076   0.344       5   0.036  0.018 fsync
00:22:27  41987   0.309       4   0.019  0.018 fsync
00:22:28  38055   0.336       5   0.036  0.018 fsync
00:22:29  36529   0.332       4   0.018  0.018 fsync
00:22:30  34109   0.338       4   0.018  0.018 fsync
00:22:31  34938   0.391       9   0.041  0.018 fsync
00:22:32  34779   0.347       4   0.018  0.017 fsync
00:22:33  37971   0.352       8   0.028  0.017 fsync
00:22:34  35026   0.348       7   0.017  0.016 fsync
00:22:35  36817   0.353       8   0.032  0.017 fsync
00:22:36  34301   0.357       8   0.027  0.018 fsync
00:22:37  34931   0.344       4   0.019  0.018 fsync
00:22:38  33980   0.359       8   0.033  0.018 fsync
00:22:39  34378   0.347       7   0.012  0.011 fsync
00:22:40  33718   0.356       8   0.030  0.018 fsync
00:22:41  34418   0.345       4   0.018  0.018 fsync
00:22:42  34010   0.352       8   0.020  0.017 fsync
00:22:43  20126   0.218       8   0.032  0.019 fsync
00:22:44   2255   0.006       3   0.001  0.000 fsync
00:22:45   2203   0.006       3   0.001  0.000 fsync
00:22:46   2287   0.006       3   0.001  0.000 fsync
00:22:47   2300   0.006       3   0.001  0.000 fsync
00:22:48   2232   0.006       3   0.001  0.000 fsync
00:22:49   2289   0.006       3   0.001  0.000 fsync
00:22:50   2194   0.005       3   0.001  0.000 fsync
00:22:51   2293   0.006       3   0.001  0.000 fsync
00:22:52   2171   0.005       0   0.000  0.000 write
00:22:53   2050   0.004       3   0.001  0.000 fsync
00:22:54   2156   0.005       3   0.001  0.000 fsync
00:22:55   2266   0.006       3   0.001  0.000 fsync
00:22:56   2199   0.006       3   0.001  0.000 fsync
00:22:57   2229   0.006       3   0.001  0.000 fsync
00:22:58   2274   0.006       3   0.001  0.000 fsync
00:22:59   2297   0.006       3   0.001  0.000 fsync
00:23:00   2175   0.005       3   0.001  0.000 fsync
00:23:01   2217   0.006       3   0.001  0.000 fsync
00:23:02   2177   0.006       3   0.001  0.000 fsync
00:23:03   2220   0.005       3   0.001  0.000 fsync
00:23:04   2218   0.006       3   0.001  0.000 fsync
00:23:05   2217   0.005       3   0.001  0.000 fsync
00:23:06   2237   0.006       3   0.001  0.000 fsync
00:23:07   2261   0.006       3   0.001  0.000 fsync
00:23:08   2245   0.006       3   0.001  0.000 fsync
00:23:09   2249   0.005       3   0.001  0.000 fsync
00:23:10   2227   0.006       3   0.001  0.000 fsync
00:23:11   2254   0.005       3   0.001  0.000 fsync
00:23:12   2238   0.005       3   0.001  0.000 fsync
00:23:13   2241   0.006       3   0.001  0.000 fsync
00:23:14   2248   0.005       3   0.001  0.000 fsync
00:23:15   2244   0.005       3   0.001  0.000 fsync
00:23:16   2300   0.006       3   0.001  0.000 fsync
00:23:17   2240   0.005       3   0.001  0.000 fsync
00:23:18   2251   0.006       3   0.001  0.000 fsync
00:23:19   2310   0.005       3   0.001  0.000 fsync
00:23:20   2241   0.005       3   0.001  0.000 fsync
00:23:21   2325   0.006       3   0.001  0.000 fsync
00:23:22   2276   0.005       3   0.001  0.000 fsync
00:23:23   2234   0.005       3   0.001  0.000 fsync
00:23:24   2215   0.005       3   0.001  0.000 fsync
00:23:25   2222   0.006       3   0.001  0.000 fsync
00:23:26   2231   0.005       3   0.001  0.000 fsync
00:23:27   2259   0.005       3   0.001  0.000 fsync
00:23:28   2216   0.006       3   0.001  0.000 fsync
00:23:29   2332   0.006       3   0.001  0.000 fsync
00:23:30   2201   0.005       3   0.001  0.000 fsync
00:23:31   2231   0.006       3   0.001  0.000 fsync
00:23:32   2297   0.006       3   0.001  0.000 fsync
00:23:33   2262   0.006       3   0.001  0.000 fsync
00:23:34   2192   0.006       3   0.001  0.000 fsync
00:23:35   2270   0.006       3   0.001  0.000 fsync
00:23:36   2221   0.006       3   0.001  0.000 fsync
00:23:37   2282   0.006       3   0.001  0.000 fsync
00:23:38   2202   0.005       3   0.001  0.000 fsync
00:23:39   2238   0.006       3   0.001  0.000 fsync
00:23:40   2177   0.005       3   0.001  0.000 fsync
00:23:41   2205   0.006       3   0.001  0.000 fsync
00:23:42   2168   0.006       3   0.001  0.000 fsync
00:23:43   2269   0.006       3   0.001  0.000 fsync
00:23:44   2060   0.004       0   0.000  0.000 write
00:23:45   2035   0.004       3   0.001  0.000 fsync
00:23:46   2174   0.006       3   0.001  0.000 fsync
00:23:47   2228   0.005       3   0.001  0.000 fsync
00:23:48   2283   0.006       3   0.001  0.000 fsync
00:23:49   2190   0.006       3   0.001  0.000 fsync
00:23:50   2256   0.006       3   0.001  0.000 fsync
00:23:51   2210   0.005       3   0.001  0.000 fsync
00:23:52   2233   0.006       3   0.001  0.000 fsync
00:23:53   2187   0.005       3   0.001  0.000 fsync
00:23:54   2286   0.007       3   0.001  0.000 fsync
00:23:55   2233   0.006       3   0.001  0.000 fsync
00:23:56   2269   0.006       3   0.001  0.000 fsync
00:23:57   2236   0.006       3   0.001  0.000 fsync
00:23:58   2268   0.006       3   0.001  0.000 fsync
00:23:59   2236   0.005       3   0.001  0.000 fsync
00:24:00   2261   0.006       3   0.001  0.000 fsync
00:24:01   2215   0.006       3   0.001  0.000 fsync
00:24:02   2267   0.007       3   0.001  0.000 fsync
00:24:03   2192   0.006       3   0.001  0.000 fsync
00:24:04   2273   0.006       3   0.001  0.000 fsync
00:24:05   2239   0.006       3   0.001  0.000 fsync
00:24:06   2237   0.006       3   0.001  0.000 fsync
00:24:07   2284   0.005       3   0.001  0.000 fsync
00:24:08   2201   0.006       3   0.001  0.000 fsync
00:24:09   2277   0.006       3   0.001  0.000 fsync
00:24:10   2229   0.006       3   0.001  0.000 fsync
00:24:11   2202   0.005       3   0.001  0.000 fsync
00:24:12   2205   0.005       3   0.001  0.000 fsync
00:24:13   2211   0.005       3   0.001  0.000 fsync
00:24:14   2244   0.006       3   0.001  0.000 fsync
00:24:15   2292   0.006       3   0.001  0.000 fsync
00:24:16   2161   0.005       3   0.001  0.000 fsync
00:24:17   2284   0.006       3   0.001  0.000 fsync
00:24:18   2269   0.006       3   0.001  0.000 fsync
00:24:19   2203   0.005       3   0.001  0.000 fsync
00:24:20   2220   0.006       3   0.001  0.000 fsync
00:24:21   2219   0.006       3   0.001  0.000 fsync
00:24:22   2228   0.006       3   0.001  0.000 fsync
00:24:23   2244   0.006       3   0.001  0.000 fsync
00:24:24   2208   0.006       3   0.001  0.000 fsync
00:24:25   2264   0.006       3   0.001  0.000 fsync
00:24:26   2253   0.006       3   0.001  0.000 fsync
00:24:27   2158   0.006       3   0.001  0.000 fsync
00:24:28   2221   0.006       3   0.001  0.000 fsync
00:24:29   2258   0.005       3   0.001  0.000 fsync
00:24:30   2257   0.006       3   0.001  0.000 fsync
00:24:31   2283   0.006       3   0.001  0.000 fsync
00:24:32   2195   0.006       3   0.001  0.000 fsync
00:24:33   2270   0.006       3   0.001  0.000 fsync
00:24:34   2241   0.006       3   0.001  0.000 fsync
00:24:35   2181   0.006       3   0.001  0.000 fsync
00:24:36   2261   0.007       3   0.001  0.000 fsync
00:24:37   2057   0.004       0   0.000  0.000 openat
00:24:38   2069   0.005       3   0.001  0.000 fsync
00:24:39   2227   0.006       3   0.001  0.000 fsync
00:24:40   2270   0.007       3   0.001  0.000 fsync
00:24:41   2205   0.006       3   0.001  0.000 fsync
00:24:42   2167   0.006       3   0.001  0.000 fsync
00:24:43   2239   0.006       3   0.001  0.000 fsync
00:24:44   2226   0.007       3   0.001  0.000 fsync
00:24:45   2226   0.006       3   0.001  0.000 fsync
00:24:46   2292   0.006       3   0.001  0.000 fsync
00:24:47   2166   0.005       3   0.001  0.000 fsync
00:24:48   2229   0.006       3   0.001  0.000 fsync
00:24:49   2247   0.006       3   0.001  0.000 fsync
00:24:50   2120   0.005       3   0.001  0.000 fsync
00:24:51   2219   0.006       3   0.001  0.000 fsync
00:24:52   2240   0.006       3   0.001  0.000 fsync
00:24:53   2169   0.005       3   0.001  0.000 fsync
00:24:54   2248   0.006       3   0.001  0.000 fsync
00:24:55   2200   0.006       3   0.001  0.000 fsync
00:24:56   2224   0.006       3   0.001  0.000 fsync
00:24:57   2180   0.006       3   0.001  0.000 fsync
00:24:58   2194   0.006       3   0.001  0.000 fsync
00:24:59   2241   0.006       3   0.001  0.000 fsync
00:25:00   2183   0.006       3   0.001  0.000 fsync
00:25:01   2243   0.006       3   0.001  0.000 fsync
00:25:02   2255   0.006       3   0.001  0.000 fsync
00:25:03   2228   0.006       3   0.001  0.000 fsync
00:25:04   2283   0.006       3   0.001  0.000 fsync
00:25:05   2183   0.005       3   0.001  0.000 fsync
00:25:06   2188   0.006       3   0.001  0.000 fsync
00:25:07   2213   0.006       3   0.001  0.000 fsync
00:25:08   2199   0.006       3   0.001  0.000 fsync
00:25:09   2284   0.006       3   0.001  0.000 fsync
00:25:10   2234   0.006       3   0.001  0.000 fsync
00:25:11   2214   0.006       3   0.001  0.000 fsync
00:25:12   2192   0.006       3   0.001  0.000 fsync
00:25:13   2211   0.006       3   0.001  0.000 fsync
00:25:14   2253   0.006       3   0.001  0.000 fsync
00:25:15   2280   0.006       3   0.001  0.000 fsync
00:25:16   2166   0.005       3   0.001  0.000 fsync
00:25:17   2245   0.006       3   0.001  0.000 fsync
00:25:18   2292   0.006       3   0.001  0.000 fsync
00:25:19   2167   0.005       3   0.001  0.000 fsync
00:25:20   2273   0.006       3   0.001  0.000 fsync
00:25:21   2291   0.006       3   0.001  0.000 fsync
00:25:22   2238   0.006       3   0.001  0.000 fsync
00:25:23   2201   0.005       3   0.001  0.000 fsync
00:25:24   2242   0.006       3   0.001  0.000 fsync
00:25:25   2217   0.006       3   0.001  0.000 fsync
00:25:26   2181   0.005       3   0.001  0.000 fsync
00:25:27   2244   0.006       3   0.001  0.000 fsync
00:25:28   2154   0.006       3   0.001  0.000 fsync
00:25:29   2254   0.006       3   0.001  0.000 fsync
00:25:30   2043   0.004       0   0.000  0.000 fstat
00:25:31   2128   0.005       3   0.001  0.000 fsync
00:25:32   2241   0.006       3   0.001  0.000 fsync
00:25:33   2257   0.006       3   0.001  0.000 fsync
00:25:34   2218   0.006       3   0.001  0.000 fsync
00:25:35   2191   0.006       3   0.001  0.000 fsync
00:25:36   2275   0.006       3   0.001  0.000 fsync
00:25:37   2220   0.006       3   0.001  0.000 fsync
00:25:38   2189   0.006       3   0.001  0.000 fsync
00:25:39   2220   0.006       3   0.001  0.000 fsync
00:25:40   2262   0.006       3   0.001  0.000 fsync
00:25:41   2281   0.007       3   0.001  0.000 fsync
00:25:42   2152   0.005       3   0.001  0.000 fsync
00:25:43   2213   0.006       3   0.001  0.000 fsync
00:25:44   2246   0.006       3   0.001  0.000 fsync
00:25:45   2216   0.006       3   0.001  0.000 fsync
00:25:46   2245   0.007       3   0.001  0.000 fsync
00:25:47   2286   0.006       3   0.001  0.000 fsync
00:25:48   2266   0.006       3   0.001  0.000 fsync
00:25:49   2252   0.006       3   0.001  0.000 fsync
00:25:50   2199   0.005       3   0.001  0.000 fsync
00:25:51   2220   0.006       3   0.001  0.000 fsync
00:25:52   2182   0.006       3   0.001  0.000 fsync
00:25:53   2256   0.006       3   0.001  0.000 fsync
00:25:54   2242   0.006       3   0.001  0.000 fsync
00:25:55   2258   0.006       3   0.001  0.000 fsync
00:25:56   2306   0.006       3   0.001  0.000 fsync
00:25:57   2222   0.006       3   0.001  0.000 fsync
00:25:58   2203   0.006       3   0.001  0.000 fsync
00:25:59   2208   0.006       3   0.001  0.000 fsync
00:26:00   2237   0.006       3   0.001  0.000 fsync
00:26:01   2250   0.006       3   0.001  0.000 fsync
00:26:02   2241   0.005       3   0.001  0.000 fsync
00:26:03   2313   0.006       3   0.001  0.000 fsync
00:26:04   2225   0.006       3   0.001  0.000 fsync
00:26:05   2257   0.005       3   0.001  0.000 fsync
00:26:06   2231   0.005       3   0.001  0.000 fsync
00:26:07   2231   0.006       3   0.001  0.000 fsync
00:26:08   2276   0.006       3   0.001  0.000 fsync
00:26:09   2274   0.006       3   0.001  0.000 fsync
00:26:10   2250   0.006       3   0.001  0.000 fsync
00:26:11   2309   0.006       3   0.001  0.000 fsync
00:26:12   2200   0.005       3   0.001  0.000 fsync
00:26:13   2236   0.005       3   0.001  0.000 fsync
00:26:14   2208   0.005       3   0.001  0.000 fsync
00:26:15   2267   0.006       3   0.001  0.000 fsync
00:26:16   2282   0.006       3   0.001  0.000 fsync
00:26:17   2240   0.006       3   0.001  0.000 fsync
00:26:18   2221   0.005       3   0.001  0.000 fsync
00:26:19   2263   0.006       3   0.001  0.000 fsync
00:26:20   2231   0.006       3   0.001  0.000 fsync
00:26:21   2250   0.006       3   0.001  0.000 fsync
00:26:22   2082   0.003       0   0.000  0.000 unlink
00:26:23   2158   0.004       3   0.001  0.000 fsync
00:26:24   2270   0.006       3   0.001  0.000 fsync
00:26:25   2287   0.006       3   0.001  0.000 fsync
00:26:26   2193   0.006       3   0.001  0.000 fsync
00:26:27   2264   0.006       3   0.001  0.000 fsync
00:26:28   2241   0.006       3   0.001  0.000 fsync
00:26:29   2187   0.005       3   0.001  0.000 fsync
00:26:30   2267   0.006       3   0.001  0.000 fsync
00:26:31   2210   0.005       3   0.001  0.000 fsync
00:26:32   2272   0.006       3   0.001  0.000 fsync
00:26:33   2291   0.005       3   0.001  0.000 fsync
00:26:34   2186   0.005       3   0.001  0.000 fsync
00:26:35   2205   0.005       3   0.001  0.000 fsync
00:26:36   2226   0.005       3   0.001  0.000 fsync
00:26:37   2214   0.005       3   0.001  0.000 fsync
00:26:38   2205   0.005       3   0.001  0.000 fsync
00:26:39   2270   0.005       3   0.001  0.000 fsync
00:26:40   2253   0.006       3   0.001  0.000 fsync
00:26:41   2212   0.005       3   0.001  0.000 fsync
00:26:42   2234   0.005       3   0.001  0.000 fsync
00:26:43   2260   0.005       3   0.001  0.000 fsync
00:26:44   2222   0.005       3   0.001  0.000 fsync
00:26:45   2279   0.006       3   0.001  0.000 fsync
00:26:46   2262   0.006       3   0.001  0.000 fsync
00:26:47   2278   0.005       3   0.001  0.000 fsync
00:26:48   2271   0.006       3   0.001  0.000 fsync
00:26:49   2178   0.005       3   0.001  0.000 fsync
00:26:50   2269   0.005       3   0.001  0.000 fsync
00:26:51   2245   0.005       3   0.001  0.000 fsync
00:26:52   2220   0.005       3   0.001  0.000 fsync
00:26:53   2296   0.006       3   0.001  0.000 fsync
00:26:54   2289   0.006       3   0.001  0.000 fsync
00:26:55   2329   0.006       3   0.001  0.000 fsync
00:26:56   2226   0.006       3   0.001  0.000 fsync
00:26:57   2263   0.006       3   0.001  0.000 fsync
00:26:58   2272   0.006       3   0.001  0.000 fsync
00:26:59   2204   0.005       3   0.001  0.000 fsync
00:27:00   2235   0.006       3   0.001  0.000 fsync
00:27:01   2246   0.006       3   0.001  0.000 fsync
00:27:02   2186   0.006       3   0.001  0.000 fsync
00:27:03   2252   0.005       3   0.001  0.000 fsync
00:27:04   2216   0.005       3   0.001  0.000 fsync
00:27:05   2244   0.006       3   0.001  0.000 fsync
00:27:06   2236   0.006       3   0.001  0.000 fsync
00:27:07   2168   0.005       3   0.001  0.000 fsync
00:27:08   2275   0.006       3   0.001  0.000 fsync
00:27:09   2203   0.006       3   0.001  0.000 fsync
00:27:10   2268   0.007       3   0.001  0.000 fsync
00:27:11   2228   0.006       3   0.001  0.000 fsync
00:27:12   2089   0.004       0   0.000  0.000 write
00:27:13   2036   0.004       3   0.001  0.000 fsync
00:27:14   2189   0.006       3   0.001  0.000 fsync
00:27:15   2217   0.006       3   0.001  0.000 fsync
00:27:16   2191   0.006       3   0.001  0.000 fsync
00:27:17   2153   0.005       3   0.001  0.000 fsync
00:27:18   2214   0.005       3   0.001  0.000 fsync
00:27:19   2248   0.005       3   0.001  0.000 fsync
00:27:20   2215   0.005       3   0.001  0.000 fsync
00:27:21   2238   0.006       3   0.001  0.000 fsync
00:27:22   2163   0.005       3   0.001  0.000 fsync
00:27:23   2270   0.006       3   0.001  0.000 fsync
00:27:24   2187   0.005       3   0.001  0.000 fsync
00:27:25   2129   0.005       3   0.001  0.000 fsync
00:27:26   1246   0.005       3   0.001  0.000 fsync
