00:07:13     37   0.000       0   0.000  0.000 write
00:07:14    349   0.001       1   0.000  0.000 fsync
00:07:15   1789   0.029       7   0.004  0.001 fsync
00:07:16   1756   0.008       9   0.003  0.001 ioctl
00:07:17   1738   0.004       0   0.000  0.001 ioctl
00:07:18   1929   0.010       6   0.002  0.001 ioctl
00:07:19   1666   0.002       0   0.000  0.000 ioctl
00:07:20   1647   0.003       0   0.000  0.001 ioctl
00:07:21   1665   0.001       0   0.000  0.000 clone3
00:07:22   1603   0.001       0   0.000  0.000 write
00:07:23   1665   0.001       0   0.000  0.000 clone3
00:07:24   1610   0.001       0   0.000  0.000 write
00:07:25   1639   0.001       0   0.000  0.000 clone3
00:07:26   1597   0.001       0   0.000  0.000 write
00:07:27   1632   0.001       0   0.000  0.000 write
00:07:28   1610   0.001       0   0.000  0.000 fstat
00:07:29   1646   0.001       0   0.000  0.000 write
00:07:30   1608   0.001       0   0.000  0.000 write
00:07:31   1640   0.001       0   0.000  0.000 fstat
00:07:32   1607   0.001       0   0.000  0.000 write
00:07:33   1641   0.001       0   0.000  0.000 write
00:07:34   1590   0.001       0   0.000  0.000 write
00:07:35   2048   0.004       0   0.000  0.000 clone3
00:07:36   1608   0.001       0   0.000  0.000 fstat
00:07:37   1639   0.001       0   0.000  0.000 fstat
00:07:38   1588   0.000       0   0.000  0.000 fstat
00:07:39   1640   0.001       0   0.000  0.000 write
00:07:40   1611   0.001       0   0.000  0.000 fstat
00:07:41   1641   0.001       0   0.000  0.000 write
00:07:42   1610   0.001       0   0.000  0.000 write
00:07:43   1642   0.001       0   0.000  0.000 write
00:07:44   1613   0.001       0   0.000  0.000 write
00:07:45   1640   0.001       0   0.000  0.000 write
00:07:46   1610   0.001       0   0.000  0.000 write
00:07:47   1641   0.001       0   0.000  0.000 write
00:07:48   1610   0.001       0   0.000  0.000 write
00:07:49   1617   0.001       0   0.000  0.000 write
00:07:50   1609   0.001       0   0.000  0.000 fstat
00:07:51   1639   0.001       0   0.000  0.000 write
00:07:52   1610   0.000       0   0.000  0.000 write
00:07:53   1641   0.001       0   0.000  0.000 fstat
00:07:54   1611   0.001       0   0.000  0.000 write
00:07:55   1639   0.001       0   0.000  0.000 write
00:07:56   1610   0.001       0   0.000  0.000 write
00:07:57   1641   0.001       0   0.000  0.000 write
00:07:58   1584   0.000       0   0.000  0.000 write
00:07:59   1644   0.001       0   0.000  0.000 write
00:08:00   1608   0.001       0   0.000  0.000 write
00:08:01   1641   0.001       0   0.000  0.000 fstat
00:08:02   1610   0.001       0   0.000  0.000 write
00:08:03   1637   0.001       0   0.000  0.000 write
00:08:04   1612   0.001       0   0.000  0.000 fstat
00:08:05   1639   0.001       0   0.000  0.000 write
00:08:06   1610   0.001       0   0.000  0.000 write
00:08:07   1643   0.001       0   0.000  0.000 write
00:08:08   1588   0.001       0   0.000  0.000 write
00:08:09   1642   0.001       0   0.000  0.000 fstat
00:08:10   1608   0.001       0   0.000  0.000 write
00:08:11   1638   0.001       0   0.000  0.000 write
00:08:12   1655   0.001       0   0.000  0.000 clone3
00:08:13   1642   0.001       0   0.000  0.000 write
00:08:14   1613   0.001       0   0.000  0.000 write
00:08:15   1636   0.001       0   0.000  0.000 write
00:08:16   1583   0.001       0   0.000  0.000 write
00:08:17   1638   0.001       0   0.000  0.000 write
00:08:18   1609   0.001       0   0.000  0.000 write
00:08:19   1643   0.001       0   0.000  0.000 write
00:08:20   1610   0.001       0   0.000  0.000 write
00:08:21   1641   0.001       0   0.000  0.000 write
00:08:22   1610   0.001       0   0.000  0.000 write
00:08:23   1642   0.001       0   0.000  0.000 write
00:08:24   1606   0.001       0   0.000  0.000 write
00:08:25   1621   0.001       0   0.000  0.000 write
00:08:26   1609   0.001       0   0.000  0.000 write
00:08:27   1639   0.001       0   0.000  0.000 write
00:08:28   1611   0.001       0   0.000  0.000 write
00:08:29   1643   0.001       0   0.000  0.000 fstat
00:08:30   1608   0.001       0   0.000  0.000 write
00:08:31   1639   0.001       0   0.000  0.000 write
00:08:32   1608   0.001       0   0.000  0.000 write
00:08:33   1614   0.001       0   0.000  0.000 write
00:08:34   1610   0.001       0   0.000  0.000 write
00:08:35   1639   0.001       0   0.000  0.000 fstat
00:08:36   1609   0.001       0   0.000  0.000 write
00:08:37   1635   0.001       0   0.000  0.000 write
00:08:38   1609   0.001       0   0.000  0.000 write
00:08:39   1641   0.001       0   0.000  0.000 write
00:08:40   1608   0.001       0   0.000  0.000 write
00:08:41   1619   0.001       0   0.000  0.000 fstat
00:08:42   1610   0.001       0   0.000  0.000 write
00:08:43   1636   0.001       0   0.000  0.000 write
00:08:44   1614   0.001       0   0.000  0.000 write
00:08:45   1641   0.001       0   0.000  0.000 write
00:08:46   1610   0.001       0   0.000  0.000 write
00:08:47   1640   0.001       0   0.000  0.000 write
00:08:48   1609   0.001       0   0.000  0.000 write
00:08:49   1620   0.001       0   0.000  0.000 write
00:08:50   1608   0.001       0   0.000  0.000 write
00:08:51   1634   0.001       0   0.000  0.000 write
00:08:52   1609   0.001       0   0.000  0.000 write
00:08:53   1638   0.001       0   0.000  0.000 fstat
00:08:54   1612   0.001       0   0.000  0.000 fstat
00:08:55   1633   0.001       0   0.000  0.000 write
00:08:56   1586   0.001       0   0.000  0.000 write
00:08:57   1636   0.001       0   0.000  0.000 write
00:08:58   1607   0.001       0   0.000  0.000 write
00:08:59   1643   0.001       0   0.000  0.000 write
00:09:00   1605   0.001       0   0.000  0.000 write
00:09:01   1639   0.001       0   0.000  0.000 fstat
00:09:02   1608   0.001       0   0.000  0.000 write
00:09:03   1617   0.001       0   0.000  0.000 fstat
00:09:04   1615   0.001       0   0.000  0.000 write
00:09:05   1640   0.001       0   0.000  0.000 fstat
00:09:06   1610   0.001       0   0.000  0.000 write
00:09:07   1634   0.001       0   0.000  0.000 write
00:09:08   1607   0.001       0   0.000  0.000 write
00:09:09   1642   0.001       0   0.000  0.000 write
00:09:10   1603   0.001       0   0.000  0.000 write
00:09:11   1618   0.001       0   0.000  0.000 write
00:09:12   1606   0.001       0   0.000  0.000 write
00:09:13   1635   0.001       0   0.000  0.000 write
00:09:14   1607   0.001       0   0.000  0.000 write
00:09:15   1636   0.001       0   0.000  0.000 write
00:09:16   1605   0.001       0   0.000  0.000 write
00:09:17   1641   0.001       0   0.000  0.000 write
00:09:18   1585   0.001       0   0.000  0.000 write
00:09:19   1636   0.001       0   0.000  0.000 write
00:09:20   1605   0.001       0   0.000  0.000 write
00:09:21   1638   0.001       0   0.000  0.000 write
00:09:22   1604   0.001       0   0.000  0.000 write
00:09:23   1636   0.001       0   0.000  0.000 write
00:09:24   1609   0.001       0   0.000  0.000 write
00:09:25   1605   0.001       0   0.000  0.000 write
00:09:26   1607   0.001       0   0.000  0.000 write
00:09:27   1627   0.001       0   0.000  0.000 write
00:09:28   1603   0.001       0   0.000  0.000 write
00:09:29   1637   0.001       0   0.000  0.000 write
00:09:30   1605   0.001       0   0.000  0.000 write
00:09:31   1630   0.001       0   0.000  0.000 write
00:09:32   1585   0.001       0   0.000  0.000 write
00:09:33   1642   0.001       0   0.000  0.000 write
00:09:34   1606   0.001       0   0.000  0.000 write
00:09:35   1639   0.001       0   0.000  0.000 write
00:09:36   1605   0.001       0   0.000  0.000 write
00:09:37   1637   0.001       0   0.000  0.000 write
00:09:38   1604   0.001       0   0.000  0.000 write
00:09:39   1635   0.001       0   0.000  0.000 write
00:09:40   1585   0.001       0   0.000  0.000 write
00:09:41   1633   0.001       0   0.000  0.000 write
00:09:42   1609   0.001       0   0.000  0.000 write
00:09:43   1635   0.001       0   0.000  0.000 write
00:09:44   1607   0.001       0   0.000  0.000 write
00:09:45   1635   0.001       0   0.000  0.000 write
00:09:46   1608   0.001       0   0.000  0.000 write
00:09:47   1611   0.001       0   0.000  0.000 write
00:09:48   1606   0.001       0   0.000  0.000 write
00:09:49   1640   0.001       0   0.000  0.000 write
00:09:50   1606   0.001       0   0.000  0.000 write
00:09:51   1634   0.001       0   0.000  0.000 write
00:09:52   1605   0.001       0   0.000  0.000 write
00:09:53   1634   0.001       0   0.000  0.000 write
00:09:54   1582   0.001       0   0.000  0.000 write
00:09:55   1638   0.001       0   0.000  0.000 write
00:09:56   1605   0.001       0   0.000  0.000 write
00:09:57   1637   0.001       0   0.000  0.000 write
00:09:58   1602   0.001       0   0.000  0.000 write
00:09:59   1635   0.001       0   0.000  0.000 write
00:10:00   1607   0.001       0   0.000  0.000 write
00:10:01   1615   0.001       0   0.000  0.000 write
00:10:02   1608   0.001       0   0.000  0.000 write
00:10:03   1636   0.001       0   0.000  0.000 write
00:10:04   1608   0.001       0   0.000  0.000 write
00:10:05   1639   0.001       0   0.000  0.000 write
00:10:06   1606   0.001       0   0.000  0.000 write
00:10:07   1637   0.001       0   0.000  0.000 write
00:10:08   1584   0.001       0   0.000  0.000 write
00:10:09   1637   0.001       0   0.000  0.000 write
00:10:10   1605   0.001       0   0.000  0.000 write
00:10:11   1637   0.001       0   0.000  0.000 write
00:10:12   1610   0.001       0   0.000  0.000 write
00:10:13   1635   0.001       0   0.000  0.000 write
00:10:14   1613   0.001       0   0.000  0.000 write
00:10:15   1634   0.001       0   0.000  0.000 write
00:10:16   1585   0.001       0   0.000  0.000 write
00:10:17   1639   0.001       0   0.000  0.000 write
00:10:18   1604   0.001       0   0.000  0.000 write
00:10:19   1639   0.001       0   0.000  0.000 write
00:10:20   1608   0.001       0   0.000  0.000 write
00:10:21   1637   0.001       0   0.000  0.000 write
00:10:22   1603   0.001       0   0.000  0.000 write
00:10:23   1636   0.001       0   0.000  0.000 write
00:10:24   1587   0.001       0   0.000  0.000 write
00:10:25   1638   0.001       0   0.000  0.000 write
00:10:26   1600   0.001       0   0.000  0.000 write
00:10:27   1624   0.001       0   0.000  0.000 write
00:10:28   1604   0.001       0   0.000  0.000 write
00:10:29   1640   0.001       0   0.000  0.000 write
00:10:30   1606   0.001       0   0.000  0.000 write
00:10:31   1606   0.001       0   0.000  0.000 write
00:10:32   1606   0.001       0   0.000  0.000 write
00:10:33   1633   0.001       0   0.000  0.000 write
00:10:34   1609   0.001       0   0.000  0.000 write
00:10:35   1631   0.001       0   0.000  0.000 fstat
00:10:36   1602   0.001       0   0.000  0.000 write
00:10:37   1641   0.001       0   0.000  0.000 write
00:10:38   1580   0.001       0   0.000  0.000 write
00:10:39   1638   0.001       0   0.000  0.000 write
00:10:40   1606   0.001       0   0.000  0.000 write
00:10:41   1640   0.001       0   0.000  0.000 write
00:10:42   1605   0.001       0   0.000  0.000 write
00:10:43   1639   0.001       0   0.000  0.000 write
00:10:44   1608   0.001       0   0.000  0.000 write
00:10:45   1617   0.001       0   0.000  0.000 write
00:10:46   1609   0.001       0   0.000  0.000 write
00:10:47   1638   0.001       0   0.000  0.000 fstat
00:10:48   1605   0.001       0   0.000  0.000 write
00:10:49   1643   0.001       0   0.000  0.000 write
00:10:50   1603   0.001       0   0.000  0.000 write
00:10:51   1639   0.001       0   0.000  0.000 write
00:10:52   1602   0.001       0   0.000  0.000 write
00:10:53   1618   0.001       0   0.000  0.000 fstat
00:10:54   1604   0.001       0   0.000  0.000 write
00:10:55   1635   0.001       0   0.000  0.000 fstat
00:10:56   1605   0.001       0   0.000  0.000 write
00:10:57   1638   0.001       0   0.000  0.000 fstat
00:10:58   1606   0.001       0   0.000  0.000 write
00:10:59   1641   0.001       0   0.000  0.000 write
00:11:00   1576   0.001       0   0.000  0.000 write
00:11:01   1637   0.001       0   0.000  0.000 write
00:11:02   1605   0.001       0   0.000  0.000 write
00:11:03   1639   0.001       0   0.000  0.000 write
00:11:04   1611   0.001       0   0.000  0.000 write
00:11:05   1641   0.001       0   0.000  0.000 write
00:11:06   1605   0.001       0   0.000  0.000 write
00:11:07   1636   0.001       0   0.000  0.000 write
00:11:08   1585   0.001       0   0.000  0.000 write
00:11:09   1642   0.001       0   0.000  0.000 write
00:11:10   1603   0.001       0   0.000  0.000 write
00:11:11   1638   0.001       0   0.000  0.000 write
00:11:12   1602   0.001       0   0.000  0.000 write
00:11:13   1638   0.001       0   0.000  0.000 write
00:11:14   1607   0.001       0   0.000  0.000 write
00:11:15   1612   0.001       0   0.000  0.000 write
00:11:16   1607   0.001       0   0.000  0.000 write
00:11:17   1635   0.001       0   0.000  0.000 write
00:11:18   1607   0.001       0   0.000  0.000 write
00:11:19   1640   0.001       0   0.000  0.000 write
00:11:20   1604   0.001       0   0.000  0.000 write
00:11:21   1637   0.001       0   0.000  0.000 write
00:11:22   1606   0.001       0   0.000  0.000 write
00:11:23   1617   0.001       0   0.000  0.000 write
00:11:24   1604   0.001       0   0.000  0.000 write
00:11:25   1639   0.001       0   0.000  0.000 write
00:11:26   1604   0.001       0   0.000  0.000 write
00:11:27   1637   0.001       0   0.000  0.000 write
00:11:28   1604   0.001       0   0.000  0.000 write
00:11:29   1639   0.001       0   0.000  0.000 write
00:11:30   1586   0.001       0   0.000  0.000 write
00:11:31   1633   0.001       0   0.000  0.000 write
00:11:32   1602   0.001       0   0.000  0.000 fstat
00:11:33   1636   0.001       0   0.000  0.000 write
00:11:34   1605   0.001       0   0.000  0.000 write
00:11:35   1636   0.001       0   0.000  0.000 write
00:11:36   1604   0.001       0   0.000  0.000 write
00:11:37   1614   0.001       0   0.000  0.000 write
00:11:38   1593   0.001       0   0.000  0.000 write
00:11:39   1639   0.001       0   0.000  0.000 write
00:11:40   1607   0.001       0   0.000  0.000 write
00:11:41   1637   0.001       0   0.000  0.000 write
00:11:42   1607   0.001       0   0.000  0.000 write
00:11:43   1640   0.001       0   0.000  0.000 write
00:11:44   1589   0.001       0   0.000  0.000 write
00:11:45   1638   0.001       0   0.000  0.000 write
00:11:46   1605   0.001       0   0.000  0.000 write
00:11:47   1634   0.001       0   0.000  0.000 write
00:11:48   1592   0.001       0   0.000  0.000 fstat
00:11:49   1629   0.001       0   0.000  0.000 write
00:11:50   1600   0.001       0   0.000  0.000 write
00:11:51   1600   0.001       0   0.000  0.000 write
00:11:52   1600   0.001       0   0.000  0.000 fstat
00:11:53   1628   0.001       0   0.000  0.000 fstat
00:11:54   1594   0.001       0   0.000  0.000 write
00:11:55   1618   0.001       0   0.000  0.000 fstat
00:11:56   1592   0.001       0   0.000  0.000 write
00:11:57   1624   0.001       0   0.000  0.000 write
00:11:58   1597   0.001       0   0.000  0.000 fstat
00:11:59   1609   0.001       0   0.000  0.000 write
00:12:00   1594   0.001       0   0.000  0.000 fstat
00:12:01   1623   0.001       0   0.000  0.000 fstat
00:12:02   1591   0.001       0   0.000  0.000 write
00:12:03   1618   0.001       0   0.000  0.000 write
00:12:04   1596   0.001       0   0.000  0.000 fstat
00:12:05   1618   0.001       0   0.000  0.000 write
00:12:06   1572   0.001       0   0.000  0.000 write
00:12:07   1620   0.001       0   0.000  0.000 write
00:12:08   1600   0.001       0   0.000  0.000 write
00:12:09   1627   0.001       0   0.000  0.000 write
00:12:10   1590   0.001       0   0.000  0.000 write
00:12:11   1620   0.001       0   0.000  0.000 write
00:12:12   1591   0.001       0   0.000  0.000 write
00:12:13   1604   0.001       0   0.000  0.000 write
00:12:14   1595   0.001       0   0.000  0.000 write
00:12:15   1603   0.001       0   0.000  0.000 write
00:12:16   1580   0.001       0   0.000  0.000 write
00:12:17   1604   0.001       0   0.000  0.000 write
00:12:18   1572   0.001       0   0.000  0.000 write
00:12:19   1609   0.001       0   0.000  0.000 write
00:12:20   1575   0.001       0   0.000  0.000 fstat
00:12:21   1587   0.001       0   0.000  0.000 write
00:12:22   1577   0.001       0   0.000  0.000 write
00:12:23   1607   0.001       0   0.000  0.000 fstat
00:12:24   1580   0.001       0   0.000  0.000 write
00:12:25   1606   0.001       0   0.000  0.000 write
00:12:26   1574   0.001       0   0.000  0.000 write
00:12:27   1611   0.001       0   0.000  0.000 write
00:12:28   1552   0.001       0   0.000  0.000 write
00:12:29   1605   0.001       0   0.000  0.000 write
00:12:30   1579   0.001       0   0.000  0.000 write
00:12:31   1606   0.001       0   0.000  0.000 write
00:12:32   1581   0.001       0   0.000  0.000 write
00:12:33   1604   0.001       0   0.000  0.000 write
00:12:34   1574   0.001       0   0.000  0.000 write
00:12:35   1608   0.001       0   0.000  0.000 write
00:12:36   1549   0.001       0   0.000  0.000 fstat
00:12:37   1607   0.001       0   0.000  0.000 fstat
00:12:38   1580   0.001       0   0.000  0.000 write
00:12:39   1616   0.001       0   0.000  0.000 write
00:12:40   1579   0.001       0   0.000  0.000 write
00:12:41   1607   0.001       0   0.000  0.000 write
00:12:42   1579   0.001       0   0.000  0.000 write
00:12:43   1601   0.001       0   0.000  0.000 write
00:12:44   1570   0.001       0   0.000  0.000 write
00:12:45   1605   0.001       0   0.000  0.000 fstat
00:12:46   1576   0.001       0   0.000  0.000 write
00:12:47   1604   0.001       0   0.000  0.000 write
00:12:48   1577   0.001       0   0.000  0.000 write
00:12:49   1624   0.001       0   0.000  0.000 write
00:12:50   1599   0.001       0   0.000  0.000 write
00:12:51   1608   0.001       0   0.000  0.000 write
00:12:52   1590   0.001       0   0.000  0.000 write
00:12:53   1629   0.001       0   0.000  0.000 fstat
00:12:54   1596   0.001       0   0.000  0.000 write
00:12:55   1630   0.001       0   0.000  0.000 fstat
00:12:56   1592   0.001       0   0.000  0.000 write
00:12:57   1615   0.001       0   0.000  0.000 write
00:12:58   1571   0.001       0   0.000  0.000 fstat
00:12:59   1627   0.001       0   0.000  0.000 fstat
00:13:00   1592   0.001       0   0.000  0.000 write
00:13:01   1620   0.001       0   0.000  0.000 fstat
00:13:02   1594   0.001       0   0.000  0.000 write
00:13:03   1626   0.001       0   0.000  0.000 fstat
00:13:04   1596   0.001       0   0.000  0.000 write
00:13:05   1613   0.001       0   0.000  0.000 write
00:13:06   1592   0.001       0   0.000  0.000 write
00:13:07   1613   0.001       0   0.000  0.000 write
00:13:08   1584   0.001       0   0.000  0.000 write
00:13:09   1627   0.001       0   0.000  0.000 write
00:13:10   1591   0.001       0   0.000  0.000 write
00:13:11   1621   0.001       0   0.000  0.000 fstat
00:13:12   1585   0.001       0   0.000  0.000 write
00:13:13   1599   0.001       0   0.000  0.000 write
00:13:14   1595   0.001       0   0.000  0.000 write
00:13:15   1618   0.001       0   0.000  0.000 write
00:13:16   1591   0.001       0   0.000  0.000 write
00:13:17   1625   0.001       0   0.000  0.000 write
00:13:18   1595   0.001       0   0.000  0.000 write
00:13:19   1624   0.001       0   0.000  0.000 fstat
00:13:20   1574   0.001       0   0.000  0.000 write
00:13:21   1622   0.001       0   0.000  0.000 write
00:13:22   1597   0.001       0   0.000  0.000 fstat
00:13:23   1620   0.001       0   0.000  0.000 write
00:13:24   1594   0.001       0   0.000  0.000 write
00:13:25   1624   0.001       0   0.000  0.000 write
00:13:26   1594   0.001       0   0.000  0.000 fstat
00:13:27   1625   0.001       0   0.000  0.000 fstat
00:13:28   1567   0.001       0   0.000  0.000 write
00:13:29   1622   0.001       0   0.000  0.000 fstat
00:13:30   1591   0.001       0   0.000  0.000 write
00:13:31   1626   0.001       0   0.000  0.000 fstat
00:13:32   1596   0.001       0   0.000  0.000 write
00:13:33   1622   0.001       0   0.000  0.000 write
00:13:34   1571   0.001       0   0.000  0.000 write
00:13:35   1615   0.001       0   0.000  0.000 fstat
00:13:36   1596   0.001       0   0.000  0.000 write
00:13:37   1622   0.001       0   0.000  0.000 write
00:13:38   1596   0.001       0   0.000  0.000 write
00:13:39   1625   0.001       0   0.000  0.000 write
00:13:40   1597   0.001       0   0.000  0.000 write
00:13:41   1636   0.001       0   0.000  0.000 write
00:13:42   1582   0.001       0   0.000  0.000 fstat
00:13:43   1634   0.001       0   0.000  0.000 fstat
00:13:44   1613   0.001       0   0.000  0.000 write
00:13:45   1634   0.001       0   0.000  0.000 write
00:13:46   1585   0.001       0   0.000  0.000 write
00:13:47   1638   0.001       0   0.000  0.000 write
00:13:48   1613   0.001       0   0.000  0.000 write
00:13:49   1648   0.001       0   0.000  0.000 write
00:13:50   1612   0.001       0   0.000  0.000 write
00:13:51   1790   0.002       0   0.000  0.000 clone3
00:13:52   1636   0.001       0   0.000  0.000 clone3
00:13:53   1638   0.001       0   0.000  0.000 fstat
00:13:54   1615   0.001       0   0.000  0.000 write
00:13:55   1643   0.001       0   0.000  0.000 write
00:13:56   1610   0.001       0   0.000  0.000 write
00:13:57   1645   0.001       0   0.000  0.000 write
00:13:58   1613   0.001       0   0.000  0.000 fstat
00:13:59   1647   0.001       0   0.000  0.000 write
00:14:00   1611   0.001       0   0.000  0.000 write
00:14:01   1644   0.001       0   0.000  0.000 write
00:14:02   1614   0.001       0   0.000  0.000 write
00:14:03   1639   0.001       0   0.000  0.000 write
00:14:04   1613   0.001       0   0.000  0.000 fstat
00:14:05   1642   0.001       0   0.000  0.000 write
00:14:06   1612   0.001       0   0.000  0.000 write
00:14:07   1642   0.001       0   0.000  0.000 write
00:14:08   1592   0.001       0   0.000  0.000 write
00:14:09   1641   0.001       0   0.000  0.000 write
00:14:10   1615   0.001       0   0.000  0.000 write
00:14:11   1643   0.001       0   0.000  0.000 write
00:14:12   1610   0.001       0   0.000  0.000 write
00:14:13   1637   0.001       0   0.000  0.000 write
00:14:14   1614   0.001       0   0.000  0.000 write
00:14:15   1639   0.001       0   0.000  0.000 write
00:14:16   1610   0.001       0   0.000  0.000 write
00:14:17   1627   0.001       0   0.000  0.000 write
00:14:18   1580   0.001       0   0.000  0.000 write
00:14:19   1646   0.001       0   0.000  0.000 write
00:14:20   1612   0.001       0   0.000  0.000 write
00:14:21   1643   0.001       0   0.000  0.000 write
00:14:22   1614   0.001       0   0.000  0.000 write
00:14:23   1641   0.001       0   0.000  0.000 write
00:14:24   1617   0.001       0   0.000  0.000 write
00:14:25   1643   0.001       0   0.000  0.000 write
00:14:26   1613   0.001       0   0.000  0.000 write
00:14:27   1644   0.001       0   0.000  0.000 write
00:14:28   1611   0.001       0   0.000  0.000 write
00:14:29   1646   0.001       0   0.000  0.000 write
00:14:30   1612   0.001       0   0.000  0.000 write
00:14:31   1619   0.001       0   0.000  0.000 write
00:14:32   1614   0.001       0   0.000  0.000 write
00:14:33   1642   0.001       0   0.000  0.000 write
00:14:34   1614   0.001       0   0.000  0.000 write
00:14:35   1643   0.001       0   0.000  0.000 fstat
00:14:36   1611   0.001       0   0.000  0.000 write
00:14:37   1647   0.001       0   0.000  0.000 fstat
00:14:38   1612   0.001       0   0.000  0.000 write
00:14:39   1631   0.001       0   0.000  0.000 write
00:14:40   1581   0.001       0   0.000  0.000 write
00:14:41   1608   0.001       0   0.000  0.000 write
00:14:42   1580   0.001       0   0.000  0.000 write
00:14:43   1625   0.001       0   0.000  0.000 fstat
00:14:44   1592   0.001       0   0.000  0.000 write
00:14:45   1610   0.001       0   0.000  0.000 write
00:14:46   1583   0.001       0   0.000  0.000 write
00:14:47   1616   0.001       0   0.000  0.000 fstat
00:14:48   1579   0.001       0   0.000  0.000 write
00:14:49   1618   0.001       0   0.000  0.000 write
00:14:50   1578   0.001       0   0.000  0.000 write
00:14:51   1609   0.001       0   0.000  0.000 write
00:14:52   1579   0.001       0   0.000  0.000 write
00:14:53   1587   0.001       0   0.000  0.000 write
00:14:54   1581   0.001       0   0.000  0.000 write
00:14:55   1605   0.001       0   0.000  0.000 write
00:14:56   1575   0.001       0   0.000  0.000 write
00:14:57   1610   0.001       0   0.000  0.000 write
00:14:58   1577   0.001       0   0.000  0.000 write
00:14:59   1614   0.001       0   0.000  0.000 write
00:15:00   1578   0.001       0   0.000  0.000 write
00:15:01   1609   0.001       0   0.000  0.000 write
00:15:02   1579   0.001       0   0.000  0.000 write
00:15:03   1613   0.001       0   0.000  0.000 write
00:15:04   1588   0.001       0   0.000  0.000 write
00:15:05   1616   0.001       0   0.000  0.000 write
00:15:06   1588   0.001       0   0.000  0.000 write
00:15:07   1658   0.001       0   0.000  0.000 clone3
00:15:08   1588   0.001       0   0.000  0.000 write
00:15:09   1613   0.001       0   0.000  0.000 write
00:15:10   1562   0.001       0   0.000  0.000 write
00:15:11   1621   0.001       0   0.000  0.000 write
00:15:12   1584   0.001       0   0.000  0.000 write
00:15:13   1619   0.001       0   0.000  0.000 write
00:15:14   1587   0.001       0   0.000  0.000 write
00:15:15   1616   0.001       0   0.000  0.000 fstat
00:15:16   1592   0.001       0   0.000  0.000 write
00:15:17   1609   0.001       0   0.000  0.000 write
00:15:18   1581   0.001       0   0.000  0.000 write
00:15:19   1616   0.001       0   0.000  0.000 write
00:15:20  13711   0.268      68   0.019  0.025 openat
00:15:21  44224   0.422     153   0.043  0.000 fsync
00:15:22  42781   0.366     123   0.034  0.000 fsync
00:15:23  36379   0.245      76   0.021  0.000 fsync
00:15:24  51701   0.636      30   0.010  0.001 fsync
00:15:25  51181   0.652      32   0.011  0.001 fsync
00:15:26  53918   0.741      24   0.010  0.001 fsync
00:15:27  58787   0.944      20   0.009  0.001 fsync
00:15:28  57385   0.838      18   0.009  0.001 fsync
00:15:29  51298   0.659      36   0.015  0.001 fsync
00:15:30  45808   0.588      12   0.006  0.001 fsync
00:15:31  45333   0.587      10   0.005  0.002 fsync
00:15:32  45156   0.574      15   0.007  0.002 fsync
00:15:33  45873   0.617      30   0.012  0.001 fsync
00:15:34  54477   0.787      64   0.022  0.001 fsync
00:15:35  50612   0.631       0   0.000  0.000 openat
00:15:36  52672   0.784       0   0.000  0.020 write
00:15:37  52915   0.697       0   0.000  0.002 write
00:15:38  52016   0.640       0   0.000  0.000 write
00:15:39  49413   0.620       5   0.007  0.005 fsync
00:15:40  46331   0.562       0   0.000  0.000 write
00:15:41  45447   0.542       0   0.000  0.001 write
00:15:42  51241   0.689      47   0.019  0.005 fsync
00:15:43  44930   0.553       2   0.003  0.002 fsync
00:15:44  48448   0.626       7   0.006  0.002 fsync
00:15:45  54687   0.821       9   0.005  0.002 fsync
00:15:46  66612   1.245       5   0.005  0.003 fsync
00:15:47  47587   0.598       2   0.001  0.001 fsync
00:15:48  46155   0.557       5   0.004  0.002 fsync
00:15:49  53290   0.691       2   0.003  0.002 fsync
00:15:50  46184   0.565       3   0.002  0.001 fsync
00:15:51  15170   0.119       5   0.004  0.002 fsync
00:15:52  11743   0.091       2   0.001  0.001 fsync
00:15:53  19440   0.153       3   0.002  0.001 fsync
00:15:54  16520   0.127       5   0.003  0.001 fsync
00:15:55  10858   0.081      22   0.007  0.001 fsync
00:15:56  19573   0.155       6   0.003  0.001 fsync
00:15:57  16682   0.130       5   0.003  0.001 fsync
00:15:58   9009   0.066       5   0.003  0.001 fsync
00:15:59  20515   0.170      27   0.010  0.001 fsync
00:16:00  16904   0.133      11   0.005  0.001 fsync
00:16:01   8179   0.060      12   0.004  0.001 fsync
00:16:02  20098   0.161      12   0.005  0.001 fsync
00:16:03  16899   0.131       9   0.004  0.001 fsync
00:16:04   7982   0.058      12   0.005  0.001 fsync
00:16:05  19845   0.159      12   0.005  0.001 fsync
00:16:06  20741   0.180      19   0.007  0.001 write
00:16:07  17786   0.156      15   0.006  0.001 fsync
00:16:08  27391   0.252      16   0.007  0.001 fsync
00:16:09  46113   0.535      34   0.013  0.001 fsync
00:16:10  46785   0.511       9   0.021  0.017 fsync
00:16:11  55097   1.243      20   0.026  0.018 fsync
00:16:12  37602   0.419      13   0.022  0.018 fsync
00:16:13  32726   0.355       6   0.025  0.018 fsync
00:16:14  34348   0.386      64   0.050  0.018 fsync
00:16:15  31379   0.329       1   0.018  0.018 fsync
00:16:16  31660   0.331       1   0.018  0.018 fsync
00:16:17  35703   0.383      32   0.028  0.018 fsync
00:16:18  51328   1.267      92   0.048  0.018 fsync
00:16:19  65508   1.618      26   0.027  0.018 fsync
00:16:20  66774   2.018      26   0.010  0.001 fsync
00:16:21  59784   1.833      18   0.024  0.018 fsync
00:16:22  43738   0.957       5   0.019  0.018 fsync
00:16:23  32457   0.336       2   0.018  0.018 fsync
00:16:24  32466   0.336       1   0.018  0.018 fsync
00:16:25  32574   0.338       2   0.018  0.018 fsync
00:16:26  31902   0.349       3   0.036  0.018 fsync
00:16:27  33361   0.346       5   0.021  0.018 fsync
00:16:28  33369   0.351       6   0.027  0.018 fsync
00:16:29  33433   0.346       2   0.018  0.018 fsync
00:16:30  33371   0.347       4   0.017  0.016 fsync
00:16:31  33426   0.359       6   0.034  0.018 fsync
00:16:32  33852   0.349       2   0.019  0.019 fsync
00:16:33  32426   0.350       5   0.029  0.019 fsync
00:16:34  33568   0.342       5   0.014  0.013 fsync
00:16:35  33054   0.355       6   0.034  0.021 fsync
00:16:36  33578   0.357       5   0.033  0.020 fsync
00:16:37  34032   0.349       2   0.019  0.018 fsync
00:16:38  33607   0.347       5   0.019  0.018 fsync
00:16:39  33453   0.362       5   0.037  0.020 fsync
00:16:40  33792   0.361       6   0.028  0.020 fsync
00:16:41  33269   0.348       2   0.019  0.019 fsync
00:16:42  33494   0.348       4   0.018  0.017 fsync
00:16:43  32754   0.361       3   0.037  0.019 fsync
00:16:44  32231   0.345       6   0.025  0.019 fsync
00:16:45  32258   0.341       1   0.019  0.019 fsync
00:16:46  32938   0.343      10   0.022  0.019 fsync
00:16:47  32727   0.343       4   0.020  0.019 fsync
00:16:48  32944   0.341       4   0.020  0.019 fsync
00:16:49  32409   0.354       5   0.040  0.020 fsync
00:16:50  33047   0.344       4   0.018  0.018 fsync
00:16:51  33393   0.349       4   0.021  0.019 fsync
00:16:52  33121   0.350       4   0.020  0.019 fsync
00:16:53  32804   0.363       5   0.039  0.020 fsync
00:16:54  41120   0.825      11   0.026  0.019 fsync
00:16:55  47805   1.417      12   0.004  0.001 fsync
00:16:56  45510   1.376      12   0.005  0.001 fsync
00:16:57   3049   0.026      15   0.004  0.001 ioctl
00:16:58   2234   0.005       3   0.001  0.000 fsync
00:16:59   2279   0.005       3   0.001  0.000 fsync
00:17:00   2217   0.005       3   0.001  0.001 fsync
00:17:01   2241   0.005       3   0.001  0.000 fsync
00:17:02   2199   0.005       3   0.001  0.000 fsync
00:17:03   2284   0.005       3   0.001  0.000 fsync
00:17:04   2277   0.005       3   0.001  0.000 fsync
00:17:05   2191   0.004       3   0.001  0.000 fsync
00:17:06   2292   0.006       3   0.001  0.000 fsync
00:17:07   2282   0.005       3   0.001  0.000 fsync
00:17:08   2158   0.005       3   0.001  0.000 fsync
00:17:09   2320   0.006       3   0.001  0.000 fsync
00:17:10   2226   0.005       3   0.001  0.000 fsync
00:17:11   2246   0.006       3   0.001  0.000 fsync
00:17:12   2231   0.006       3   0.001  0.000 fsync
00:17:13   2235   0.005       3   0.001  0.000 fsync
00:17:14   2291   0.006       3   0.001  0.000 fsync
00:17:15   2284   0.006       3   0.001  0.000 fsync
00:17:16   1975   0.003       0   0.000  0.000 fstat
00:17:17   2276   0.006       3   0.001  0.000 fsync
00:17:18   2206   0.005       3   0.001  0.000 fsync
00:17:19   2269   0.005       3   0.001  0.000 fsync
00:17:20   2143   0.005       3   0.001  0.000 fsync
00:17:21   2262   0.006       3   0.001  0.000 fsync
00:17:22   2252   0.005       3   0.001  0.000 fsync
00:17:23   2183   0.005       3   0.001  0.000 fsync
00:17:24   2259   0.005       3   0.001  0.000 fsync
00:17:25   2291   0.006       3   0.001  0.000 fsync
00:17:26   2232   0.006       3   0.001  0.000 fsync
00:17:27   2289   0.005       3   0.001  0.000 fsync
00:17:28   2157   0.005       3   0.001  0.000 fsync
00:17:29   2218   0.005       3   0.001  0.000 fsync
00:17:30   2210   0.005       3   0.001  0.000 fsync
00:17:31   2267   0.006       3   0.001  0.000 fsync
00:17:32   2217   0.005       3   0.001  0.000 fsync
00:17:33   2229   0.005       3   0.001  0.000 fsync
00:17:34   2240   0.005       3   0.001  0.000 fsync
00:17:35   2304   0.005       3   0.001  0.000 fsync
00:17:36   2205   0.005       3   0.001  0.000 fsync
00:17:37   2380   0.006       3   0.001  0.000 fsync
00:17:38   2206   0.004       3   0.001  0.000 fsync
00:17:39   2289   0.005       3   0.001  0.000 fsync
00:17:40   2222   0.005       3   0.001  0.000 fsync
00:17:41   2312   0.005       3   0.001  0.000 fsync
00:17:42   2222   0.005       3   0.001  0.000 fsync
00:17:43   2271   0.005       3   0.001  0.000 fsync
00:17:44   2180   0.005       3   0.001  0.000 fsync
00:17:45   2297   0.005       3   0.001  0.000 fsync
00:17:46   2259   0.005       3   0.001  0.000 fsync
00:17:47   2242   0.005       3   0.001  0.000 fsync
00:17:48   2232   0.005       3   0.001  0.000 fsync
00:17:49   2278   0.005       3   0.001  0.000 fsync
00:17:50   2254   0.005       3   0.001  0.000 fsync
00:17:51   2256   0.005       3   0.001  0.000 fsync
00:17:52   2153   0.005       3   0.001  0.000 fsync
00:17:53   2320   0.005       3   0.001  0.000 fsync
00:17:54   2263   0.005       3   0.001  0.000 fsync
00:17:55   2259   0.005       3   0.001  0.000 fsync
00:17:56   2288   0.005       3   0.001  0.000 fsync
00:17:57   2253   0.005       3   0.001  0.000 fsync
00:17:58   2179   0.005       3   0.001  0.000 fsync
00:17:59   2295   0.005       3   0.001  0.000 fsync
00:18:00   2185   0.005       3   0.001  0.000 fsync
00:18:01   2286   0.005       3   0.001  0.000 fsync
00:18:02   2268   0.006       3   0.001  0.000 fsync
00:18:03   2221   0.005       3   0.001  0.000 fsync
00:18:04   2198   0.005       3   0.001  0.000 fsync
00:18:05   2256   0.005       3   0.001  0.000 fsync
00:18:06   2196   0.005       3   0.001  0.000 fsync
00:18:07   2311   0.005       3   0.001  0.000 fsync
00:18:08   2189   0.004       1   0.000  0.000 fsync
00:18:09   2095   0.003       2   0.001  0.000 fsync
00:18:10   2260   0.005       3   0.001  0.000 fsync
00:18:11   2314   0.005       3   0.001  0.000 fsync
00:18:12   2233   0.005       3   0.001  0.000 fsync
00:18:13   2207   0.005       3   0.001  0.000 fsync
00:18:14   2297   0.005       3   0.001  0.000 fsync
00:18:15   2257   0.005       3   0.001  0.000 fsync
00:18:16   2274   0.006       3   0.001  0.000 fsync
00:18:17   2304   0.005       3   0.001  0.000 fsync
00:18:18   2234   0.005       3   0.001  0.000 fsync
00:18:19   2243   0.005       3   0.001  0.000 fsync
00:18:20   2213   0.005       3   0.001  0.000 fsync
00:18:21   2229   0.005       3   0.001  0.000 fsync
00:18:22   2260   0.005       3   0.001  0.000 fsync
00:18:23   2283   0.005       3   0.001  0.000 fsync
00:18:24   2229   0.005       3   0.001  0.000 fsync
00:18:25   2279   0.005       3   0.001  0.000 fsync
00:18:26   2258   0.005       3   0.001  0.000 fsync
00:18:27   2207   0.005       3   0.001  0.000 fsync
00:18:28   2240   0.005       3   0.001  0.000 fsync
00:18:29  57933   0.541     375   0.116  0.001 ioctl
00:18:30  54371   0.389     213   0.063  0.000 fsync
00:18:31  28250   0.180     140   0.040  0.000 fsync
00:18:32  42778   0.421     444   0.140  0.000 fsync
00:18:33  35709   0.340     230   0.072  0.000 fsync
00:18:34  14996   0.133      63   0.018  0.000 fsync
00:18:35  16047   0.137      45   0.013  0.000 fsync
00:18:36  13148   0.111      51   0.015  0.000 fsync
00:18:37  12367   0.106      48   0.014  0.003 write
00:18:38  16312   0.144      60   0.018  0.001 fsync
00:18:39  14896   0.126      42   0.012  0.000 fsync
00:18:40  11197   0.090      24   0.007  0.000 fsync
00:18:41  14112   0.111       3   0.001  0.000 fsync
00:18:42  15300   0.125       9   0.004  0.001 fsync
00:18:43  10293   0.078       3   0.001  0.000 fsync
00:18:44  13737   0.107       6   0.002  0.001 fsync
00:18:45  15287   0.118       3   0.002  0.001 fsync
00:18:46  11846   0.090       6   0.002  0.001 fsync
00:18:47  12559   0.098       3   0.001  0.000 fsync
00:18:48  15201   0.118       3   0.002  0.001 fsync
00:18:49  11462   0.086       3   0.001  0.001 fsync
00:18:50  12630   0.097       3   0.002  0.001 fsync
00:18:51  15038   0.118       3   0.001  0.001 fsync
00:18:52  13356   0.109       3   0.001  0.001 fsync
00:18:53  18619   0.157      12   0.004  0.001 fsync
00:18:54  24627   0.225      38   0.012  0.001 fsync
00:18:55  42786   0.499      34   0.011  0.000 fsync
00:18:56  45165   0.622      22   0.112  0.101 fsync
00:18:57  43365   0.614       8   0.106  0.101 fsync
00:18:58  43781   0.609      28   0.109  0.101 fsync
00:18:59  43641   0.820      20   0.309  0.101 fsync
00:19:00  44932   0.680      13   0.175  0.100 fsync
00:19:01  44648   0.623      22   0.098  0.092 fsync
00:19:02  43927   0.600      10   0.104  0.100 fsync
00:19:03  44218   0.611      20   0.106  0.100 fsync
00:19:04  45683   0.589      12   0.104  0.101 fsync
00:19:05  46636   0.654      13   0.156  0.102 fsync
00:19:06  42988   0.592      22   0.107  0.101 fsync
00:19:07  42330   0.575       4   0.102  0.101 fsync
00:19:08  44933   0.698     153   0.147  0.101 fsync
00:19:09  58804   1.004     235   0.240  0.101 fsync
00:19:10  58079   0.899     346   0.105  0.001 fsync
00:19:11  64127   1.309     284   0.276  0.102 fsync
00:19:12  61283   0.996     361   0.118  0.003 fsync
00:19:13  54126   0.917     303   0.218  0.101 fsync
00:19:14  54620   0.942     308   0.212  0.101 fsync
00:19:15  58628   1.077     363   0.296  0.102 fsync
00:19:16  67762   1.115     346   0.107  0.001 fsync
00:19:17  61721   1.200     265   0.279  0.101 fsync
00:19:18  54317   0.734     287   0.087  0.001 fsync
00:19:19  54179   1.074     383   0.333  0.102 fsync
00:19:20  56030   0.861     362   0.155  0.003 fsync
00:19:21  58630   1.000     376   0.259  0.102 fsync
00:19:22  52792   0.848     306   0.205  0.090 fsync
00:19:23  53574   0.841     310   0.212  0.100 fsync
00:19:24  62416   1.091     437   0.291  0.088 fsync
00:19:25  64901   0.997     377   0.116  0.001 fsync
00:19:26  67226   1.267     327   0.345  0.101 fsync
00:19:27  65664   1.076     356   0.113  0.001 fsync
00:19:28  66155   1.103     290   0.240  0.101 fsync
00:19:29  61555   1.030     398   0.190  0.063 fsync
00:19:30  52417   0.839     239   0.238  0.101 fsync
00:19:31  56538   0.912     338   0.205  0.066 fsync
00:19:32  63186   1.010     361   0.111  0.001 fsync
00:19:33  53918   0.905     324   0.234  0.101 fsync
00:19:34  56868   0.863     327   0.168  0.059 fsync
00:19:35  50014   0.773     244   0.247  0.101 fsync
00:19:36  44268   0.645     122   0.177  0.088 fsync
00:19:37  45950   0.664     142   0.148  0.101 fsync
00:19:38  33590   0.437     293   0.186  0.081 fsync
00:19:39  29839   0.277     269   0.083  0.001 fsync
00:19:40  30497   0.266     276   0.085  0.002 fsync
00:19:41  22156   0.190     168   0.050  0.000 fsync
00:19:42  23009   0.198     180   0.055  0.000 fsync
00:19:43  38875   0.378     361   0.110  0.001 fsync
00:19:44  21938   0.171     130   0.040  0.000 fsync
00:19:45  32789   0.299     311   0.097  0.001 fsync
00:19:46  27419   0.223     214   0.066  0.000 fsync
00:19:47  32545   0.275     251   0.077  0.000 fsync
00:19:48  49016   0.598     424   0.130  0.001 fsync
00:19:49  67950   1.078     312   0.099  0.001 fsync
00:19:50  58437   1.115     369   0.369  0.101 fsync
00:19:51  50802   0.733     139   0.089  0.066 write
00:19:52  49148   0.832     163   0.286  0.100 fsync
00:19:53  55005   0.725     303   0.088  0.000 fsync
00:19:54  50754   0.860     265   0.257  0.103 fsync
00:19:55  48874   0.824     234   0.208  0.101 fsync
00:19:56  54986   0.901     336   0.257  0.101 fsync
00:19:57  52632   0.715     231   0.113  0.003 fsync
00:19:58  53046   0.817     241   0.204  0.101 fsync
00:19:59  43019   0.578      66   0.124  0.100 fsync
00:20:00  51036   0.791     215   0.196  0.100 fsync
00:20:01  48359   0.702     121   0.159  0.101 fsync
00:20:02  51627   0.789     160   0.189  0.101 fsync
00:20:03  49729   0.780     183   0.201  0.101 fsync
00:20:04  51497   0.836     237   0.223  0.101 fsync
00:20:05  57585   0.851     267   0.082  0.000 fsync
00:20:06  49831   0.776     178   0.186  0.101 fsync
00:20:07  45240   0.616      45   0.134  0.101 fsync
00:20:08  44272   0.603      57   0.132  0.101 fsync
00:20:09  50569   0.847     256   0.230  0.101 fsync
00:20:10  53454   0.989     308   0.267  0.101 fsync
00:20:11  64056   1.019     366   0.114  0.001 fsync
00:20:12  54018   0.974     290   0.319  0.101 fsync
00:20:13  46948   0.649     130   0.136  0.100 fsync
00:20:14  48302   0.708     120   0.187  0.091 fsync
00:20:15  50023   0.760     193   0.181  0.101 fsync
00:20:16  55214   0.925     296   0.215  0.088 fsync
00:20:17  55517   0.760     261   0.080  0.000 fsync
00:20:18  50867   0.885     241   0.302  0.101 fsync
00:20:19  50721   0.822     209   0.234  0.102 fsync
00:20:20  46574   0.590      67   0.082  0.062 fsync
00:20:21  48040   0.698     137   0.151  0.102 fsync
00:20:22  50868   0.705     168   0.122  0.065 fsync
00:20:23  54095   0.903     233   0.236  0.102 fsync
00:20:24  47726   0.610      71   0.081  0.060 fsync
00:20:25  48259   0.775     142   0.228  0.101 fsync
00:20:26  45668   0.597      66   0.129  0.101 fsync
00:20:27  53590   0.863     283   0.216  0.081 fsync
00:20:28  23603   0.162      58   0.016  0.001 fsync
00:20:29  30271   0.265     236   0.068  0.001 fsync
00:20:30  50753   0.519     424   0.128  0.001 fsync
00:20:31  40880   0.388     287   0.089  0.001 fsync
00:20:32  32589   0.318     217   0.067  0.001 write
00:20:33  25521   0.200     141   0.042  0.000 fsync
00:20:34  29553   0.256     214   0.063  0.000 fsync
00:20:35  55803   0.804     241   0.072  0.001 ftruncate
00:20:36  50439   0.780     170   0.188  0.102 fsync
00:20:37  49042   0.763     167   0.174  0.102 fsync
00:20:38  49306   0.738     157   0.157  0.100 fsync
00:20:39  48369   0.710     108   0.144  0.100 fsync
00:20:40  51812   0.759     236   0.124  0.038 fsync
00:20:41  53296   0.908     222   0.194  0.101 fsync
00:20:42  49502   0.752     173   0.149  0.091 fsync
00:20:43  49312   0.763     170   0.157  0.101 fsync
00:20:44  51123   0.843     202   0.215  0.100 fsync
00:20:45  48685   0.789     155   0.216  0.101 fsync
00:20:46  49235   0.792     152   0.188  0.101 fsync
00:20:47  47144   0.580      95   0.029  0.001 write
00:20:48  48417   0.789     132   0.213  0.101 fsync
00:20:49  48567   0.713     152   0.145  0.101 fsync
00:20:50  47652   0.742     123   0.190  0.102 fsync
00:20:51  49697   0.769     196   0.169  0.100 fsync
00:20:52  49985   0.820     184   0.226  0.102 fsync
00:20:53  52717   0.880     281   0.200  0.101 fsync
00:20:54  48167   0.729     132   0.153  0.103 fsync
00:20:55  52531   0.763     191   0.065  0.002 fsync
00:20:56  49776   0.742     118   0.141  0.103 fsync
00:20:57  43254   0.705     100   0.152  0.106 fsync
00:20:58  49537   0.855     222   0.217  0.100 fsync
00:20:59  48021   0.587      67   0.021  0.002 write
00:21:00  48767   0.960      92   0.383  0.101 fsync
00:21:01  49235   0.727      73   0.184  0.101 fsync
00:21:02  48466   0.690      86   0.129  0.087 fsync
00:21:03  50944   0.665     120   0.038  0.001 write
00:21:04  51987   1.095     196   0.431  0.100 fsync
00:21:05  48619   0.729     116   0.151  0.102 fsync
00:21:06  52223   0.794     197   0.125  0.063 fsync
00:21:07  49761   0.743     123   0.152  0.101 fsync
00:21:08  51915   0.842     246   0.188  0.065 fsync
00:21:09  49591   0.791     175   0.174  0.101 fsync
00:21:10  50176   0.764     137   0.102  0.060 fsync
00:21:11  48869   0.764     137   0.212  0.102 fsync
00:21:12  46839   0.691     106   0.122  0.087 fsync
00:21:13  46517   0.716     112   0.155  0.100 fsync
00:21:14  20730   0.252      37   0.092  0.081 fsync
00:21:15  23547   0.204     104   0.033  0.000 fsync
00:21:16  22685   0.189      84   0.027  0.001 fsync
00:21:17  22822   0.198      89   0.028  0.001 fsync
00:21:18  31331   0.301     238   0.070  0.000 fsync
00:21:19  30575   0.298     144   0.045  0.001 fsync
00:21:20  47913   0.775     118   0.213  0.100 fsync
00:21:21  48608   0.630      62   0.086  0.032 fsync
00:21:22  45262   0.773      37   0.269  0.100 fsync
00:21:23  45144   0.668      72   0.162  0.092 fsync
00:21:24  45765   0.646      66   0.121  0.101 fsync
00:21:25  42561   0.621      39   0.143  0.101 fsync
00:21:26  44564   0.641      54   0.150  0.101 fsync
00:21:27  44777   0.613      57   0.118  0.101 fsync
00:21:28  44534   0.624      59   0.124  0.101 fsync
00:21:29  47009   0.676     114   0.134  0.101 fsync
00:21:30  44236   0.743      46   0.261  0.100 fsync
00:21:31  46144   0.723      91   0.184  0.101 fsync
00:21:32  48352   0.748     172   0.165  0.101 fsync
00:21:33  50337   0.774     165   0.212  0.101 fsync
00:21:34  53201   0.710     202   0.060  0.000 fsync
00:21:35  48470   0.767     199   0.170  0.101 fsync
00:21:36  56112   0.889     233   0.224  0.102 fsync
00:21:37  55168   0.984     300   0.269  0.102 fsync
00:21:38  53440   0.945     285   0.240  0.102 fsync
00:21:39  49668   0.975     257   0.247  0.102 fsync
00:21:40  59823   0.937     374   0.114  0.001 openat
00:21:41  55029   1.024     278   0.327  0.102 fsync
00:21:42  43155   0.585      10   0.104  0.100 fsync
00:21:43  39866   0.525       7   0.093  0.091 fsync
00:21:44  39598   0.527      14   0.105  0.101 fsync
00:21:45  37905   0.502       9   0.090  0.087 fsync
00:21:46  35725   0.537       8   0.154  0.105 fsync
00:21:47  38634   0.508       4   0.102  0.101 fsync
00:21:48  39506   0.490       7   0.065  0.063 fsync
00:21:49  41078   0.529       8   0.166  0.100 fsync
00:21:50  36976   0.478       4   0.101  0.100 fsync
00:21:51  35941   0.436       4   0.060  0.059 fsync
00:21:52  38793   0.646       8   0.235  0.101 fsync
00:21:53  38692   0.502       4   0.102  0.101 fsync
00:21:54  22118   0.308       7   0.082  0.080 fsync
00:21:55   9350   0.067       3   0.001  0.001 fsync
00:21:56  10362   0.079       3   0.001  0.001 fsync
00:21:57  11749   0.089       3   0.001  0.001 fsync
00:21:58  11636   0.090       3   0.002  0.001 fsync
00:21:59  10012   0.075       3   0.001  0.001 fsync
00:22:00   9196   0.066       3   0.001  0.001 fsync
00:22:01  10172   0.075       3   0.001  0.001 fsync
00:22:02  11429   0.090       3   0.002  0.001 fsync
00:22:03  14133   0.115      16   0.006  0.001 fsync
00:22:04  12526   0.097       8   0.003  0.001 fsync
00:22:05   9905   0.074       3   0.001  0.001 fsync
00:22:06  11114   0.084       3   0.001  0.001 fsync
00:22:07  18754   0.152       3   0.002  0.001 fsync
00:22:08  18558   0.149       3   0.002  0.001 fsync
00:22:09  22268   0.195       3   0.001  0.000 fsync
00:22:10  20736   0.168       3   0.002  0.001 fsync
00:22:11  20976   0.166       3   0.002  0.001 fsync
00:22:12  39851   0.617      18   0.007  0.001 fsync
00:22:13  53435   0.887       4   0.003  0.001 fsync
00:22:14  37236   0.658      22   0.009  0.001 fsync
00:22:15  57489   1.497      41   0.014  0.001 fsync
00:22:16  64626   1.966      44   0.269  0.105 fsync
00:22:17  64119   1.992      53   0.018  0.001 fsync
00:22:18  56817   1.955      20   0.115  0.103 fsync
00:22:19  31822   0.415       4   0.101  0.100 fsync
00:22:20  30185   0.441       8   0.140  0.100 fsync
00:22:21  31748   0.408       4   0.101  0.100 fsync
00:22:22  30876   0.400       7   0.093  0.091 fsync
00:22:23  30725   0.397       4   0.101  0.100 fsync
00:22:24  30875   0.394       4   0.101  0.100 fsync
00:22:25  30323   0.455       5   0.200  0.100 fsync
00:22:26  33554   0.387       4   0.100  0.099 fsync
00:22:27  34407   0.387       4   0.101  0.100 fsync
00:22:28  34808   0.382       4   0.101  0.100 fsync
00:22:29  27796   0.466       5   0.201  0.100 fsync
00:22:30  31116   0.396       4   0.101  0.100 fsync
00:22:31  31122   0.397       4   0.101  0.100 fsync
00:22:32  31143   0.402       4   0.102  0.100 fsync
00:22:33  30933   0.453       8   0.119  0.101 fsync
00:22:34  30017   0.443       8   0.146  0.099 fsync
00:22:35  32209   0.411       4   0.104  0.099 fsync
00:22:36  31796   0.406       7   0.091  0.089 fsync
00:22:37  32028   0.409       4   0.100  0.099 fsync
00:22:38  28725   0.468       8   0.188  0.099 fsync
00:22:39  33352   0.374       7   0.049  0.047 fsync
00:22:40  29526   0.458       8   0.169  0.100 fsync
00:22:41  32294   0.408       4   0.101  0.100 fsync
00:22:42  31856   0.449       8   0.165  0.099 fsync
00:22:43  33343   0.386       7   0.061  0.059 fsync
00:22:44  31651   0.401       4   0.101  0.100 fsync
00:22:45  29352   0.476       8   0.192  0.100 fsync
00:22:46  20173   0.281       7   0.082  0.080 fsync
00:22:47   2312   0.005       3   0.001  0.000 fsync
00:22:48   2228   0.006       3   0.001  0.000 fsync
00:22:49   2295   0.006       3   0.001  0.000 fsync
00:22:50   2274   0.006       3   0.001  0.000 fsync
00:22:51   2230   0.005       3   0.001  0.000 fsync
00:22:52   2257   0.005       3   0.001  0.000 fsync
00:22:53   2100   0.003       0   0.000  0.000 write
00:22:54   2116   0.004       3   0.001  0.000 fsync
00:22:55   2291   0.006       3   0.001  0.000 fsync
00:22:56   2231   0.005       3   0.001  0.000 fsync
00:22:57   2325   0.005       3   0.001  0.000 fsync
00:22:58   2262   0.005       3   0.001  0.000 fsync
00:22:59   2317   0.005       3   0.001  0.000 fsync
00:23:00   2270   0.005       3   0.001  0.000 fsync
00:23:01   2231   0.005       3   0.001  0.000 fsync
00:23:02   2211   0.005       3   0.001  0.000 fsync
00:23:03   2251   0.005       3   0.001  0.000 fsync
00:23:04   2216   0.005       3   0.001  0.000 fsync
00:23:05   2239   0.005       3   0.001  0.000 fsync
00:23:06   2171   0.005       3   0.001  0.000 fsync
00:23:07   2231   0.005       3   0.001  0.000 fsync
00:23:08   2174   0.005       3   0.001  0.000 fsync
00:23:09   2334   0.006       3   0.001  0.000 fsync
00:23:10   2265   0.006       3   0.001  0.000 fsync
00:23:11   2254   0.006       3   0.001  0.000 fsync
00:23:12   2271   0.006       3   0.001  0.000 fsync
00:23:13   2287   0.006       3   0.001  0.000 fsync
00:23:14   2236   0.005       3   0.001  0.000 fsync
00:23:15   2261   0.005       3   0.001  0.000 fsync
00:23:16   2234   0.006       3   0.001  0.000 fsync
00:23:17   2279   0.006       3   0.001  0.000 fsync
00:23:18   2199   0.005       3   0.001  0.000 fsync
00:23:19   2297   0.006       3   0.001  0.000 fsync
00:23:20   2265   0.005       3   0.001  0.000 fsync
00:23:21   2272   0.005       3   0.001  0.000 fsync
00:23:22   2240   0.005       3   0.001  0.000 fsync
00:23:23   2351   0.006       3   0.001  0.000 fsync
00:23:24   2215   0.006       3   0.001  0.000 fsync
00:23:25   2255   0.005       3   0.001  0.000 fsync
00:23:26   2236   0.006       3   0.001  0.000 fsync
00:23:27   2293   0.006       3   0.001  0.000 fsync
00:23:28   2251   0.005       3   0.001  0.000 fsync
00:23:29   2248   0.005       3   0.001  0.000 fsync
00:23:30   2287   0.006       3   0.001  0.000 fsync
00:23:31   2256   0.006       3   0.001  0.000 fsync
00:23:32   2280   0.006       3   0.001  0.000 fsync
00:23:33   2306   0.006       3   0.001  0.000 fsync
00:23:34   2227   0.006       3   0.001  0.000 fsync
00:23:35   2191   0.005       3   0.001  0.000 fsync
00:23:36   2217   0.005       3   0.001  0.000 fsync
00:23:37   2189   0.005       3   0.001  0.000 fsync
00:23:38   2253   0.006       3   0.001  0.000 fsync
00:23:39   2258   0.006       3   0.001  0.000 fsync
00:23:40   2260   0.006       3   0.001  0.000 fsync
00:23:41   2290   0.005       3   0.001  0.000 fsync
00:23:42   2174   0.005       3   0.001  0.000 fsync
00:23:43   2305   0.006       3   0.001  0.000 fsync
00:23:44   2248   0.005       3   0.001  0.000 fsync
00:23:45   1962   0.002       0   0.000  0.000 write
00:23:46   2274   0.005       3   0.001  0.000 fsync
00:23:47   2250   0.005       3   0.001  0.000 fsync
00:23:48   2264   0.005       3   0.001  0.000 fsync
00:23:49   2321   0.006       3   0.001  0.000 fsync
00:23:50   2182   0.005       3   0.001  0.000 fsync
00:23:51   2312   0.006       3   0.001  0.000 fsync
00:23:52   2185   0.005       3   0.001  0.000 fsync
00:23:53   2250   0.005       3   0.001  0.000 fsync
00:23:54   2254   0.006       3   0.001  0.000 fsync
00:23:55   2262   0.006       3   0.001  0.000 fsync
00:23:56   2235   0.005       3   0.001  0.000 fsync
00:23:57   2272   0.006       3   0.001  0.000 fsync
00:23:58   2216   0.005       3   0.001  0.000 fsync
00:23:59   2315   0.006       3   0.001  0.000 fsync
00:24:00   2228   0.006       3   0.001  0.000 fsync
00:24:01   2308   0.006       3   0.001  0.000 fsync
00:24:02   2276   0.005       3   0.001  0.000 fsync
00:24:03   2281   0.006       3   0.001  0.000 fsync
00:24:04   2217   0.006       3   0.001  0.000 fsync
00:24:05   2240   0.006       3   0.001  0.000 fsync
00:24:06   2242   0.006       3   0.001  0.000 fsync
00:24:07   2314   0.006       3   0.001  0.000 fsync
00:24:08   2227   0.005       3   0.001  0.000 fsync
00:24:09   2242   0.006       3   0.001  0.000 fsync
00:24:10   2225   0.006       3   0.001  0.000 fsync
00:24:11   2206   0.005       3   0.001  0.000 fsync
00:24:12   2260   0.005       3   0.001  0.000 fsync
00:24:13   2281   0.005       3   0.001  0.000 fsync
00:24:14   2190   0.005       3   0.001  0.000 fsync
00:24:15   2237   0.006       3   0.001  0.000 fsync
00:24:16   2229   0.006       3   0.001  0.000 fsync
00:24:17   2216   0.006       3   0.001  0.000 fsync
00:24:18   2186   0.005       3   0.001  0.000 fsync
00:24:19   2203   0.006       3   0.001  0.000 fsync
00:24:20   2229   0.006       3   0.001  0.000 fsync
00:24:21   2221   0.006       3   0.001  0.000 fsync
00:24:22   2248   0.006       3   0.001  0.000 fsync
00:24:23   2266   0.006       3   0.001  0.000 fsync
00:24:24   2199   0.006       3   0.001  0.000 fsync
00:24:25   2243   0.005       3   0.001  0.000 fsync
00:24:26   2213   0.005       3   0.001  0.000 fsync
00:24:27   2173   0.005       3   0.001  0.000 fsync
00:24:28   2254   0.005       3   0.001  0.000 fsync
00:24:29   2239   0.006       3   0.001  0.000 fsync
00:24:30   2208   0.005       3   0.001  0.000 fsync
00:24:31   2206   0.005       3   0.001  0.000 fsync
00:24:32   2245   0.005       3   0.001  0.000 fsync
00:24:33   2262   0.005       3   0.001  0.000 fsync
00:24:34   2178   0.006       3   0.001  0.000 fsync
00:24:35   2204   0.005       3   0.001  0.000 fsync
00:24:36   2245   0.005       3   0.001  0.000 fsync
00:24:37   2039   0.004       0   0.000  0.000 write
00:24:38   2167   0.005       3   0.001  0.000 fsync
00:24:39   2174   0.006       3   0.001  0.000 fsync
00:24:40   2235   0.005       3   0.001  0.000 fsync
00:24:41   2271   0.005       3   0.001  0.000 fsync
00:24:42   2234   0.005       3   0.001  0.000 fsync
00:24:43   2239   0.005       3   0.001  0.000 fsync
00:24:44   2284   0.005       3   0.001  0.000 fsync
00:24:45   2212   0.005       3   0.001  0.000 fsync
00:24:46   2283   0.006       3   0.001  0.000 fsync
00:24:47   2264   0.006       3   0.001  0.000 fsync
00:24:48   2190   0.005       3   0.001  0.000 fsync
00:24:49   2234   0.005       3   0.001  0.000 fsync
00:24:50   2256   0.005       3   0.001  0.000 fsync
00:24:51   2215   0.006       3   0.001  0.000 fsync
00:24:52   2289   0.005       3   0.001  0.000 fsync
00:24:53   2187   0.006       3   0.001  0.000 fsync
00:24:54   2288   0.006       3   0.001  0.000 fsync
00:24:55   2230   0.005       3   0.001  0.000 fsync
00:24:56   2278   0.006       3   0.001  0.000 fsync
00:24:57   2237   0.006       3   0.001  0.000 fsync
00:24:58   2186   0.005       3   0.001  0.000 fsync
00:24:59   2263   0.006       3   0.001  0.000 fsync
00:25:00   2278   0.005       3   0.001  0.000 fsync
00:25:01   2183   0.006       3   0.001  0.000 fsync
00:25:02   2283   0.006       3   0.001  0.000 fsync
00:25:03   2268   0.006       3   0.001  0.000 fsync
00:25:04   2262   0.006       3   0.001  0.000 fsync
00:25:05   2298   0.006       3   0.001  0.000 fsync
00:25:06   2259   0.005       3   0.001  0.000 fsync
00:25:07   2225   0.005       3   0.001  0.000 fsync
00:25:08   2241   0.005       3   0.001  0.000 fsync
00:25:09   2227   0.005       3   0.001  0.000 fsync
00:25:10   2259   0.005       3   0.001  0.000 fsync
00:25:11   2279   0.005       3   0.001  0.000 fsync
00:25:12   2238   0.005       3   0.001  0.000 fsync
00:25:13   2218   0.005       3   0.001  0.000 fsync
00:25:14   2323   0.006       3   0.001  0.000 fsync
00:25:15   2237   0.005       3   0.001  0.000 fsync
00:25:16   2285   0.005       3   0.001  0.000 fsync
00:25:17   2179   0.005       3   0.001  0.000 fsync
00:25:18   2292   0.006       3   0.001  0.000 fsync
00:25:19   2266   0.006       3   0.001  0.000 fsync
00:25:20   2239   0.005       3   0.001  0.000 fsync
00:25:21   2231   0.006       3   0.001  0.000 fsync
00:25:22   2256   0.005       3   0.001  0.000 fsync
00:25:23   2178   0.005       3   0.001  0.000 fsync
00:25:24   2270   0.006       3   0.001  0.000 fsync
00:25:25   2217   0.005       3   0.001  0.000 fsync
00:25:26   2245   0.006       3   0.001  0.000 fsync
00:25:27   2274   0.006       3   0.001  0.000 fsync
00:25:28   2249   0.005       3   0.001  0.000 fsync
00:25:29   2198   0.005       3   0.001  0.000 fsync
00:25:30   2250   0.005       3   0.001  0.000 fsync
00:25:31   1976   0.003       0   0.000  0.000 write
00:25:32   2197   0.005       3   0.001  0.000 fsync
00:25:33   2192   0.005       3   0.001  0.000 fsync
00:25:34   2271   0.005       3   0.001  0.000 fsync
00:25:35   2159   0.005       3   0.001  0.000 fsync
00:25:36   2253   0.005       3   0.001  0.000 fsync
00:25:37   2242   0.005       3   0.001  0.000 fsync
00:25:38   2272   0.005       3   0.001  0.000 fsync
00:25:39   2207   0.005       3   0.001  0.000 fsync
00:25:40   2259   0.005       3   0.001  0.000 fsync
00:25:41   2195   0.005       3   0.001  0.000 fsync
00:25:42   2270   0.005       3   0.001  0.000 fsync
00:25:43   2237   0.005       3   0.001  0.000 fsync
00:25:44   2229   0.006       3   0.001  0.000 fsync
00:25:45   2259   0.005       3   0.001  0.000 fsync
00:25:46   2325   0.006       3   0.001  0.000 fsync
00:25:47   2192   0.005       3   0.001  0.000 fsync
00:25:48   2361   0.006       3   0.001  0.000 fsync
00:25:49   2187   0.005       3   0.001  0.000 fsync
00:25:50   2284   0.006       3   0.001  0.000 fsync
00:25:51   2229   0.005       3   0.001  0.000 fsync
00:25:52   2235   0.005       3   0.001  0.000 fsync
00:25:53   2194   0.005       3   0.001  0.000 fsync
00:25:54   2243   0.005       3   0.001  0.000 fsync
00:25:55   2212   0.005       3   0.001  0.000 fsync
00:25:56   2235   0.006       3   0.001  0.000 fsync
00:25:57   2221   0.005       3   0.001  0.000 fsync
00:25:58   2248   0.006       3   0.001  0.000 fsync
00:25:59   2247   0.006       3   0.001  0.000 fsync
00:26:00   2229   0.005       3   0.001  0.000 fsync
00:26:01   2252   0.006       3   0.001  0.000 fsync
00:26:02   2248   0.005       3   0.001  0.000 fsync
00:26:03   2193   0.005       3   0.001  0.000 fsync
00:26:04   2261   0.006       3   0.001  0.000 fsync
00:26:05   2204   0.005       3   0.001  0.000 fsync
00:26:06   2268   0.006       3   0.001  0.000 fsync
00:26:07   2204   0.006       3   0.001  0.000 fsync
00:26:08   2276   0.006       3   0.001  0.000 fsync
00:26:09   2238   0.005       3   0.001  0.000 fsync
00:26:10   2221   0.005       3   0.001  0.000 fsync
00:26:11   2305   0.006       3   0.001  0.000 fsync
00:26:12   2256   0.005       3   0.001  0.000 fsync
00:26:13   2148   0.005       3   0.001  0.000 fsync
00:26:14   2277   0.006       3   0.001  0.000 fsync
00:26:15   2211   0.005       3   0.001  0.000 fsync
00:26:16   2290   0.006       3   0.001  0.000 fsync
00:26:17   2264   0.005       3   0.001  0.000 fsync
00:26:18   2208   0.005       3   0.001  0.000 fsync
00:26:19   2274   0.006       3   0.001  0.000 fsync
00:26:20   2249   0.006       3   0.001  0.000 fsync
00:26:21   2239   0.006       3   0.001  0.000 fsync
00:26:22   2156   0.005       1   0.000  0.000 fsync
00:26:23   2062   0.003       2   0.001  0.000 fsync
00:26:24   2258   0.005       3   0.001  0.000 fsync
00:26:25   2272   0.006       3   0.001  0.000 fsync
00:26:26   2289   0.006       3   0.001  0.000 fsync
00:26:27   2192   0.005       3   0.001  0.000 fsync
00:26:28   2314   0.006       3   0.001  0.000 fsync
00:26:29   2221   0.006       3   0.001  0.000 fsync
00:26:30   2305   0.006       3   0.001  0.000 fsync
00:26:31   2265   0.006       3   0.001  0.000 fsync
00:26:32   2281   0.005       3   0.001  0.000 fsync
00:26:33   2324   0.006       3   0.001  0.000 fsync
00:26:34   2272   0.006       3   0.001  0.000 fsync
00:26:35   2331   0.006       3   0.001  0.000 fsync
00:26:36   2333   0.006       3   0.001  0.000 fsync
00:26:37   2289   0.006       3   0.001  0.000 fsync
00:26:38   2304   0.006       3   0.001  0.000 fsync
00:26:39   2276   0.006       3   0.001  0.000 fsync
00:26:40   2326   0.006       3   0.001  0.000 fsync
00:26:41   2324   0.006       3   0.001  0.000 fsync
00:26:42   2311   0.006       3   0.001  0.000 fsync
00:26:43   2275   0.006       3   0.001  0.000 fsync
00:26:44   2210   0.005       3   0.001  0.000 fsync
00:26:45   2269   0.005       3   0.001  0.000 fsync
00:26:46   2238   0.005       3   0.001  0.000 fsync
00:26:47   2161   0.005       3   0.001  0.000 fsync
00:26:48   2226   0.005       3   0.001  0.000 fsync
00:26:49   2158   0.005       3   0.001  0.000 fsync
00:26:50   2221   0.005       3   0.001  0.000 fsync
00:26:51   2190   0.005       3   0.001  0.000 fsync
00:26:52   2165   0.005       3   0.001  0.000 fsync
00:26:53   2177   0.005       3   0.001  0.000 fsync
00:26:54   2190   0.005       3   0.001  0.000 fsync
00:26:55   2191   0.005       3   0.001  0.000 fsync
00:26:56   2209   0.005       3   0.001  0.000 fsync
00:26:57   2139   0.005       3   0.001  0.000 fsync
00:26:58   2228   0.005       3   0.001  0.000 fsync
00:26:59   2143   0.005       3   0.001  0.000 fsync
00:27:00   2183   0.005       3   0.001  0.000 fsync
00:27:01   2176   0.005       3   0.001  0.000 fsync
00:27:02   2161   0.005       3   0.001  0.000 fsync
00:27:03   2184   0.005       3   0.001  0.000 fsync
00:27:04   2184   0.004       3   0.001  0.000 fsync
00:27:05   2182   0.005       3   0.001  0.000 fsync
00:27:06   2216   0.005       3   0.001  0.000 fsync
00:27:07   2139   0.004       3   0.001  0.000 fsync
00:27:08   2237   0.005       3   0.001  0.000 fsync
00:27:09   2206   0.005       3   0.001  0.000 fsync
00:27:10   2246   0.005       3   0.001  0.000 fsync
00:27:11   2211   0.005       3   0.001  0.000 fsync
00:27:12   2034   0.003       0   0.000  0.000 write
00:27:13   2153   0.005       3   0.001  0.000 fsync
00:27:14   2252   0.005       3   0.001  0.000 fsync
00:27:15   2211   0.005       3   0.001  0.000 fsync
00:27:16   2274   0.006       3   0.001  0.000 fsync
00:27:17   2300   0.006       3   0.001  0.000 fsync
00:27:18   2315   0.006       3   0.001  0.000 fsync
00:27:19   2245   0.006       3   0.001  0.001 fsync
00:27:20   2344   0.006       3   0.001  0.000 fsync
00:27:21   2259   0.006       3   0.001  0.000 fsync
00:27:22   2298   0.006       3   0.001  0.000 fsync
00:27:23   2271   0.006       3   0.001  0.000 fsync
00:27:24   2308   0.006       3   0.001  0.000 fsync
00:27:25   2265   0.006       3   0.001  0.000 fsync
00:27:26   1190   0.004       3   0.001  0.000 fsync
