00:07:18    173   0.003       3   0.001  0.001 ioctl
00:07:19   2239   0.004       3   0.001  0.000 fsync
00:07:20   2461   0.005       0   0.000  0.001 ioctl
00:07:21   2381   0.003       0   0.000  0.000 write
00:07:22   2441   0.004       0   0.000  0.000 clone3
00:07:23   2421   0.003       0   0.000  0.000 write
00:07:24   2480   0.003       0   0.000  0.000 clone3
00:07:25   2496   0.002       0   0.000  0.000 write
00:07:26   2508   0.003       0   0.000  0.000 clone3
00:07:27   2520   0.002       0   0.000  0.000 write
00:07:28   2472   0.002       0   0.000  0.000 write
00:07:29   2494   0.003       0   0.000  0.000 write
00:07:30   2473   0.003       0   0.000  0.000 write
00:07:31   2460   0.003       0   0.000  0.000 write
00:07:32   2474   0.002       0   0.000  0.000 write
00:07:33   2499   0.003       0   0.000  0.000 write
00:07:34   2460   0.002       0   0.000  0.000 write
00:07:35   2527   0.003       0   0.000  0.000 write
00:07:36   2474   0.002       0   0.000  0.000 write
00:07:37   2505   0.002       0   0.000  0.000 write
00:07:38   2461   0.002       0   0.000  0.000 write
00:07:39   2472   0.002       0   0.000  0.000 write
00:07:40   2468   0.002       0   0.000  0.000 write
00:07:41   2493   0.002       0   0.000  0.000 fstat
00:07:42   2474   0.002       0   0.000  0.000 write
00:07:43   2512   0.002       0   0.000  0.000 write
00:07:44   2481   0.002       0   0.000  0.000 write
00:07:45   2511   0.002       0   0.000  0.000 write
00:07:46   2481   0.002       0   0.000  0.000 write
00:07:47   2509   0.002       0   0.000  0.000 write
00:07:48   2482   0.002       0   0.000  0.000 write
00:07:49   2480   0.002       0   0.000  0.000 write
00:07:50   2432   0.002       0   0.000  0.000 write
00:07:51   2509   0.002       0   0.000  0.000 write
00:07:52   2469   0.002       0   0.000  0.000 fstat
00:07:53   2491   0.003       0   0.000  0.000 write
00:07:54   2468   0.003       0   0.000  0.000 write
00:07:55   2480   0.003       0   0.000  0.000 write
00:07:56   2446   0.003       0   0.000  0.000 fstat
00:07:57   2487   0.003       0   0.000  0.000 fstat
00:07:58   2434   0.003       0   0.000  0.000 write
00:07:59   2437   0.003       0   0.000  0.000 write
00:08:00   2453   0.003       0   0.000  0.000 write
00:08:01   2476   0.003       0   0.000  0.000 write
00:08:02   2461   0.003       0   0.000  0.000 write
00:08:03   2483   0.003       0   0.000  0.000 write
00:08:04   2448   0.003       0   0.000  0.000 write
00:08:05   2489   0.003       0   0.000  0.000 write
00:08:06   2450   0.003       0   0.000  0.000 write
00:08:07   2481   0.003       0   0.000  0.000 write
00:08:08   2389   0.003       0   0.000  0.000 write
00:08:09   2460   0.003       0   0.000  0.000 write
00:08:10   2438   0.003       0   0.000  0.000 write
00:08:11   2480   0.003       0   0.000  0.000 write
00:08:12   2444   0.003       0   0.000  0.000 write
00:08:13   2490   0.003       0   0.000  0.000 write
00:08:14   2440   0.003       0   0.000  0.000 write
00:08:15   2459   0.003       0   0.000  0.000 write
00:08:16   2435   0.003       0   0.000  0.000 write
00:08:17   2441   0.003       0   0.000  0.000 write
00:08:18   2461   0.003       0   0.000  0.000 write
00:08:19   2471   0.003       0   0.000  0.000 write
00:08:20   2441   0.003       0   0.000  0.000 write
00:08:21   2476   0.003       0   0.000  0.000 write
00:08:22   2453   0.003       0   0.000  0.000 write
00:08:23   2491   0.003       0   0.000  0.000 write
00:08:24   2455   0.003       0   0.000  0.000 write
00:08:25   2476   0.003       0   0.000  0.000 write
00:08:26   2415   0.003       0   0.000  0.000 write
00:08:27   2474   0.003       0   0.000  0.000 write
00:08:28   2457   0.003       0   0.000  0.000 write
00:08:29   2462   0.003       0   0.000  0.000 write
00:08:30   2444   0.003       0   0.000  0.000 write
00:08:31   2506   0.003       0   0.000  0.000 write
00:08:32   2466   0.003       0   0.000  0.000 write
00:08:33   2472   0.003       0   0.000  0.000 write
00:08:34   2398   0.003       0   0.000  0.000 write
00:08:35   2485   0.003       0   0.000  0.000 write
00:08:36   2453   0.003       0   0.000  0.000 write
00:08:37   2488   0.003       0   0.000  0.000 write
00:08:38   2443   0.003       0   0.000  0.000 write
00:08:39   2470   0.003       0   0.000  0.000 write
00:08:40   2457   0.003       0   0.000  0.000 write
00:08:41   2455   0.003       0   0.000  0.000 write
00:08:42   2395   0.003       0   0.000  0.000 write
00:08:43   2484   0.003       0   0.000  0.000 write
00:08:44   2466   0.003       0   0.000  0.000 write
00:08:45   2473   0.003       0   0.000  0.000 write
00:08:46   2439   0.003       0   0.000  0.000 write
00:08:47   2462   0.003       0   0.000  0.000 write
00:08:48   2451   0.003       0   0.000  0.000 write
00:08:49   2453   0.003       0   0.000  0.000 write
00:08:50   2398   0.003       0   0.000  0.000 write
00:08:51   2484   0.003       0   0.000  0.000 write
00:08:52   2456   0.003       0   0.000  0.000 write
00:08:53   2488   0.003       0   0.000  0.000 write
00:08:54   2440   0.003       0   0.000  0.000 write
00:08:55   2466   0.003       0   0.000  0.000 write
00:08:56   2430   0.003       0   0.000  0.000 write
00:08:57   2433   0.003       0   0.000  0.000 write
00:08:58   2439   0.003       0   0.000  0.000 write
00:08:59   2472   0.003       0   0.000  0.000 write
00:09:00   2466   0.003       0   0.000  0.000 write
00:09:01   2478   0.003       0   0.000  0.000 write
00:09:02   2461   0.003       0   0.000  0.000 write
00:09:03   2470   0.003       0   0.000  0.000 write
00:09:04   2408   0.003       0   0.000  0.000 write
00:09:05   2488   0.003       0   0.000  0.000 write
00:09:06   2451   0.003       0   0.000  0.000 write
00:09:07   2495   0.003       0   0.000  0.000 write
00:09:08   2464   0.003       0   0.000  0.000 write
00:09:09   2458   0.003       0   0.000  0.000 write
00:09:10   2458   0.003       0   0.000  0.000 write
00:09:11   2407   0.003       0   0.000  0.000 write
00:09:12   2404   0.003       0   0.000  0.000 write
00:09:13   2450   0.003       0   0.000  0.000 write
00:09:14   2406   0.003       0   0.000  0.000 write
00:09:15   2448   0.003       0   0.000  0.000 write
00:09:16   2408   0.003       0   0.000  0.000 write
00:09:17   2449   0.003       0   0.000  0.000 write
00:09:18   2385   0.003       0   0.000  0.000 write
00:09:19   2367   0.003       0   0.000  0.000 write
00:09:20   2380   0.003       0   0.000  0.000 write
00:09:21   2399   0.003       0   0.000  0.000 write
00:09:22   2401   0.003       0   0.000  0.000 write
00:09:23   2422   0.003       0   0.000  0.000 write
00:09:24   2391   0.003       0   0.000  0.000 write
00:09:25   2388   0.003       0   0.000  0.000 write
00:09:26   2351   0.003       0   0.000  0.000 write
00:09:27   2418   0.003       0   0.000  0.000 write
00:09:28   2391   0.003       0   0.000  0.000 write
00:09:29   2419   0.003       0   0.000  0.000 write
00:09:30   2418   0.003       0   0.000  0.000 write
00:09:31   2507   0.002       0   0.000  0.000 write
00:09:32   2454   0.002       0   0.000  0.000 write
00:09:33   2465   0.002       0   0.000  0.000 write
00:09:34   2466   0.002       0   0.000  0.000 write
00:09:35   2509   0.002       0   0.000  0.000 write
00:09:36   2476   0.002       0   0.000  0.000 write
00:09:37   2511   0.002       0   0.000  0.000 write
00:09:38   2468   0.003       0   0.000  0.000 write
00:09:39   2490   0.003       0   0.000  0.000 write
00:09:40   2400   0.003       0   0.000  0.000 write
00:09:41   2468   0.003       0   0.000  0.000 write
00:09:42   2462   0.003       0   0.000  0.000 write
00:09:43   2498   0.003       0   0.000  0.000 write
00:09:44   2445   0.002       0   0.000  0.000 write
00:09:45   2492   0.003       0   0.000  0.000 write
00:09:46   2450   0.003       0   0.000  0.000 write
00:09:47   2467   0.002       0   0.000  0.000 write
00:09:48   2397   0.003       0   0.000  0.000 write
00:09:49   2479   0.003       0   0.000  0.000 write
00:09:50   2436   0.003       0   0.000  0.000 write
00:09:51   2477   0.003       0   0.000  0.000 write
00:09:52   2452   0.003       0   0.000  0.000 write
00:09:53   2465   0.003       0   0.000  0.000 write
00:09:54   2439   0.003       0   0.000  0.000 write
00:09:55   2434   0.003       0   0.000  0.000 write
00:09:56   2457   0.003       0   0.000  0.000 write
00:09:57   2468   0.003       0   0.000  0.000 write
00:09:58   2443   0.003       0   0.000  0.000 write
00:09:59   2481   0.003       0   0.000  0.000 write
00:10:00   2451   0.003       0   0.000  0.000 write
00:10:01   2458   0.003       0   0.000  0.000 write
00:10:02   2409   0.003       0   0.000  0.000 write
00:10:03   2496   0.003       0   0.000  0.000 write
00:10:04   2435   0.003       0   0.000  0.000 write
00:10:05   2480   0.003       0   0.000  0.000 write
00:10:06   2462   0.002       0   0.000  0.000 write
00:10:07   2466   0.003       0   0.000  0.000 write
00:10:08   2429   0.003       0   0.000  0.000 write
00:10:09   2448   0.003       0   0.000  0.000 write
00:10:10   2441   0.003       0   0.000  0.000 write
00:10:11   2481   0.003       0   0.000  0.000 write
00:10:12   2423   0.003       0   0.000  0.000 write
00:10:13   2446   0.003       0   0.000  0.000 write
00:10:14   2434   0.003       0   0.000  0.000 write
00:10:15   2469   0.003       0   0.000  0.000 write
00:10:16   2406   0.003       0   0.000  0.000 write
00:10:17   2426   0.003       0   0.000  0.000 write
00:10:18   2427   0.003       0   0.000  0.000 write
00:10:19   2472   0.003       0   0.000  0.000 write
00:10:20   2440   0.003       0   0.000  0.000 write
00:10:21   2461   0.003       0   0.000  0.000 fstat
00:10:22   2452   0.003       0   0.000  0.000 write
00:10:23   2490   0.003       0   0.000  0.000 write
00:10:24   2439   0.003       0   0.000  0.000 write
00:10:25   2431   0.003       0   0.000  0.000 write
00:10:26   2454   0.003       0   0.000  0.000 write
00:10:27   2472   0.003       0   0.000  0.000 write
00:10:28   2453   0.003       0   0.000  0.000 write
00:10:29   2478   0.003       0   0.000  0.000 write
00:10:30   2441   0.003       0   0.000  0.000 write
00:10:31   2445   0.003       0   0.000  0.000 write
00:10:32   2416   0.003       0   0.000  0.000 write
00:10:33   2486   0.003       0   0.000  0.000 write
00:10:34   2455   0.003       0   0.000  0.000 write
00:10:35   2469   0.003       0   0.000  0.000 write
00:10:36   2439   0.003       0   0.000  0.000 write
00:10:37   2463   0.003       0   0.000  0.000 write
00:10:38   2418   0.003       0   0.000  0.000 write
00:10:39   2422   0.003       0   0.000  0.000 write
00:10:40   2447   0.003       0   0.000  0.000 write
00:10:41   2481   0.003       0   0.000  0.000 write
00:10:42   2448   0.003       0   0.000  0.000 write
00:10:43   2469   0.003       0   0.000  0.000 write
00:10:44   2458   0.003       0   0.000  0.000 write
00:10:45   2464   0.003       0   0.000  0.000 write
00:10:46   2390   0.003       0   0.000  0.000 write
00:10:47   2474   0.003       0   0.000  0.000 write
00:10:48   2445   0.003       0   0.000  0.000 write
00:10:49   2472   0.003       0   0.000  0.000 write
00:10:50   2443   0.003       0   0.000  0.000 write
00:10:51   2465   0.003       0   0.000  0.000 write
00:10:52   2456   0.003       0   0.000  0.000 write
00:10:53   2442   0.003       0   0.000  0.000 write
00:10:54   2396   0.003       0   0.000  0.000 write
00:10:55   2486   0.003       0   0.000  0.000 write
00:10:56   2445   0.003       0   0.000  0.000 write
00:10:57   2471   0.003       0   0.000  0.000 write
00:10:58   2434   0.003       0   0.000  0.000 write
00:10:59   2456   0.003       0   0.000  0.000 write
00:11:00   2411   0.003       0   0.000  0.000 write
00:11:01   2427   0.003       0   0.000  0.000 write
00:11:02   2445   0.003       0   0.000  0.000 write
00:11:03   2488   0.003       0   0.000  0.000 write
00:11:04   2444   0.003       0   0.000  0.000 write
00:11:05   2466   0.003       0   0.000  0.000 write
00:11:06   2450   0.003       0   0.000  0.000 write
00:11:07   2493   0.003       0   0.000  0.000 write
00:11:08   2417   0.003       0   0.000  0.000 write
00:11:09   2448   0.003       0   0.000  0.000 write
00:11:10   2434   0.003       0   0.000  0.000 write
00:11:11   2462   0.003       0   0.000  0.000 write
00:11:12   2462   0.003       0   0.000  0.000 write
00:11:13   2480   0.003       0   0.000  0.000 write
00:11:14   2442   0.003       0   0.000  0.000 write
00:11:15   2458   0.003       0   0.000  0.000 write
00:11:16   2405   0.003       0   0.000  0.000 write
00:11:17   2461   0.003       0   0.000  0.000 write
00:11:18   2424   0.003       0   0.000  0.000 write
00:11:19   2468   0.003       0   0.000  0.000 write
00:11:20   2453   0.003       0   0.000  0.000 write
00:11:21   2463   0.003       0   0.000  0.000 write
00:11:22   2435   0.003       0   0.000  0.000 write
00:11:23   2459   0.003       0   0.000  0.000 write
00:11:24   2415   0.003       0   0.000  0.000 write
00:11:25   2493   0.003       0   0.000  0.000 write
00:11:26   2469   0.003       0   0.000  0.000 write
00:11:27   2480   0.003       0   0.000  0.000 write
00:11:28   2458   0.003       0   0.000  0.000 write
00:11:29   2469   0.003       0   0.000  0.000 write
00:11:30   2411   0.003       0   0.000  0.000 write
00:11:31   2429   0.003       0   0.000  0.000 write
00:11:32   2444   0.003       0   0.000  0.000 write
00:11:33   2495   0.003       0   0.000  0.000 write
00:11:34   2442   0.003       0   0.000  0.000 write
00:11:35   2494   0.003       0   0.000  0.000 write
00:11:36   2443   0.003       0   0.000  0.000 write
00:11:37   2456   0.003       0   0.000  0.000 write
00:11:38   2406   0.003       0   0.000  0.000 write
00:11:39   2476   0.003       0   0.000  0.000 write
00:11:40   2450   0.003       0   0.000  0.000 write
00:11:41   2481   0.003       0   0.000  0.000 write
00:11:42   2461   0.003       0   0.000  0.000 write
00:11:43   2490   0.003       0   0.000  0.000 write
00:11:44   2418   0.003       0   0.000  0.000 write
00:11:45   2438   0.003       0   0.000  0.000 write
00:11:46   2457   0.003       0   0.000  0.000 write
00:11:47   2467   0.003       0   0.000  0.000 write
00:11:48   2434   0.003       0   0.000  0.000 write
00:11:49   2470   0.003       0   0.000  0.000 write
00:11:50   2435   0.003       0   0.000  0.000 write
00:11:51   2463   0.003       0   0.000  0.000 write
00:11:52   2389   0.003       0   0.000  0.000 write
00:11:53   2463   0.003       0   0.000  0.000 write
00:11:54   2416   0.003       0   0.000  0.000 write
00:11:55   2457   0.003       0   0.000  0.000 write
00:11:56   2442   0.003       0   0.000  0.000 write
00:11:57   2462   0.003       0   0.000  0.000 write
00:11:58   2442   0.003       0   0.000  0.000 write
00:11:59   2455   0.003       0   0.000  0.000 write
00:12:00   2400   0.003       0   0.000  0.000 write
00:12:01   2477   0.003       0   0.000  0.000 write
00:12:02   2446   0.003       0   0.000  0.000 write
00:12:03   2471   0.003       0   0.000  0.000 write
00:12:04   2447   0.003       0   0.000  0.000 write
00:12:05   2479   0.003       0   0.000  0.000 write
00:12:06   2433   0.003       0   0.000  0.000 write
00:12:07   2434   0.003       0   0.000  0.000 write
00:12:08   2442   0.003       0   0.000  0.000 write
00:12:09   2459   0.003       0   0.000  0.000 write
00:12:10   2446   0.003       0   0.000  0.000 write
00:12:11   2479   0.003       0   0.000  0.000 write
00:12:12   2437   0.003       0   0.000  0.000 write
00:12:13   2453   0.003       0   0.000  0.000 write
00:12:14   2375   0.003       0   0.000  0.000 write
00:12:15   2480   0.003       0   0.000  0.000 write
00:12:16   2444   0.003       0   0.000  0.000 write
00:12:17   2475   0.003       0   0.000  0.000 write
00:12:18   2439   0.003       0   0.000  0.000 write
00:12:19   2452   0.003       0   0.000  0.000 write
00:12:20   2420   0.003       0   0.000  0.000 write
00:12:21   2438   0.003       0   0.000  0.000 write
00:12:22   2390   0.003       0   0.000  0.000 write
00:12:23   2472   0.003       0   0.000  0.000 write
00:12:24   2441   0.003       0   0.000  0.000 write
00:12:25   2486   0.003       0   0.000  0.000 write
00:12:26   2460   0.003       0   0.000  0.000 write
00:12:27   2485   0.003       0   0.000  0.000 write
00:12:28   2413   0.003       0   0.000  0.000 write
00:12:29   2427   0.003       0   0.000  0.000 write
00:12:30   2436   0.003       0   0.000  0.000 write
00:12:31   2463   0.003       0   0.000  0.000 write
00:12:32   2428   0.003       0   0.000  0.000 write
00:12:33   2471   0.003       0   0.000  0.000 write
00:12:34   2450   0.003       0   0.000  0.000 write
00:12:35   2476   0.003       0   0.000  0.000 write
00:12:36   2430   0.003       0   0.000  0.000 write
00:12:37   2418   0.003       0   0.000  0.000 write
00:12:38   2450   0.003       0   0.000  0.000 write
00:12:39   2483   0.003       0   0.000  0.000 write
00:12:40   2442   0.003       0   0.000  0.000 write
00:12:41   2482   0.003       0   0.000  0.000 write
00:12:42   2436   0.003       0   0.000  0.000 write
00:12:43   2485   0.003       0   0.000  0.000 write
00:12:44   2409   0.003       0   0.000  0.000 write
00:12:45   2475   0.003       0   0.000  0.000 write
00:12:46   2456   0.003       0   0.000  0.000 write
00:12:47   2460   0.003       0   0.000  0.000 write
00:12:48   2433   0.003       0   0.000  0.000 write
00:12:49   2459   0.003       0   0.000  0.000 write
00:12:50   2437   0.003       0   0.000  0.000 write
00:12:51   2461   0.003       0   0.000  0.000 write
00:12:52   2382   0.003       0   0.000  0.000 write
00:12:53   2453   0.003       0   0.000  0.000 write
00:12:54   2440   0.003       0   0.000  0.000 fstat
00:12:55   2478   0.003       0   0.000  0.000 write
00:12:56   2452   0.003       0   0.000  0.000 write
00:12:57   2467   0.003       0   0.000  0.000 write
00:12:58   2431   0.003       0   0.000  0.000 write
00:12:59   2430   0.003       0   0.000  0.000 write
00:13:00   2432   0.003       0   0.000  0.000 write
00:13:01   2474   0.003       0   0.000  0.000 write
00:13:02   2454   0.003       0   0.000  0.000 write
00:13:03   2482   0.003       0   0.000  0.000 write
00:13:04   2472   0.003       0   0.000  0.000 write
00:13:05   2450   0.003       0   0.000  0.000 write
00:13:06   2418   0.003       0   0.000  0.000 write
00:13:07   2492   0.003       0   0.000  0.000 write
00:13:08   2455   0.003       0   0.000  0.000 write
00:13:09   2471   0.003       0   0.000  0.000 write
00:13:10   2451   0.003       0   0.000  0.000 write
00:13:11   2480   0.003       0   0.000  0.000 write
00:13:12   2462   0.003       0   0.000  0.000 write
00:13:13   2462   0.003       0   0.000  0.000 write
00:13:14   2402   0.003       0   0.000  0.000 write
00:13:15   2484   0.003       0   0.000  0.000 write
00:13:16   2443   0.003       0   0.000  0.000 write
00:13:17   2463   0.003       0   0.000  0.000 write
00:13:18   2441   0.003       0   0.000  0.000 write
00:13:19   2468   0.003       0   0.000  0.000 write
00:13:20   2416   0.003       0   0.000  0.000 write
00:13:21   2430   0.003       0   0.000  0.000 write
00:13:22   2440   0.003       0   0.000  0.000 write
00:13:23   2475   0.003       0   0.000  0.000 write
00:13:24   2449   0.003       0   0.000  0.000 write
00:13:25   2478   0.003       0   0.000  0.000 write
00:13:26   2442   0.003       0   0.000  0.000 write
00:13:27   2473   0.003       0   0.000  0.000 write
00:13:28   2369   0.003       0   0.000  0.000 write
00:13:29   2460   0.003       0   0.000  0.000 write
00:13:30   2430   0.003       0   0.000  0.000 write
00:13:31   2457   0.003       0   0.000  0.000 write
00:13:32   2420   0.003       0   0.000  0.000 write
00:13:33   2476   0.003       0   0.000  0.000 write
00:13:34   2424   0.003       0   0.000  0.000 write
00:13:35   2428   0.003       0   0.000  0.000 write
00:13:36   2461   0.003       0   0.000  0.000 write
00:13:37   2479   0.003       0   0.000  0.000 write
00:13:38   2466   0.003       0   0.000  0.000 write
00:13:39   2498   0.003       0   0.000  0.000 write
00:13:40   2461   0.003       0   0.000  0.000 write
00:13:41   2479   0.003       0   0.000  0.000 write
00:13:42   2458   0.002       0   0.000  0.000 write
00:13:43   2466   0.002       0   0.000  0.000 write
00:13:44   2485   0.002       0   0.000  0.000 write
00:13:45   2511   0.002       0   0.000  0.000 write
00:13:46   2424   0.003       0   0.000  0.000 write
00:13:47   2516   0.002       0   0.000  0.000 write
00:13:48   2487   0.002       0   0.000  0.000 write
00:13:49   2520   0.002       0   0.000  0.000 write
00:13:50   2485   0.002       0   0.000  0.000 fstat
00:13:51   2508   0.002       0   0.000  0.000 write
00:13:52   2463   0.002       0   0.000  0.000 write
00:13:53   2485   0.002       0   0.000  0.000 write
00:13:54   2470   0.002       0   0.000  0.000 fstat
00:13:55   2514   0.002       0   0.000  0.000 write
00:13:56   2486   0.002       0   0.000  0.000 write
00:13:57   2514   0.002       0   0.000  0.000 write
00:13:58   2487   0.002       0   0.000  0.000 fstat
00:13:59   2513   0.002       0   0.000  0.000 write
00:14:00   2485   0.002       0   0.000  0.000 fstat
00:14:01   2516   0.002       0   0.000  0.000 write
00:14:02   2487   0.002       0   0.000  0.000 write
00:14:03   2516   0.002       0   0.000  0.000 write
00:14:04   2488   0.002       0   0.000  0.000 fstat
00:14:05   2517   0.002       0   0.000  0.000 write
00:14:06   2485   0.002       0   0.000  0.000 write
00:14:07   2516   0.002       0   0.000  0.000 fstat
00:14:08   2476   0.002       0   0.000  0.000 write
00:14:09   2509   0.002       0   0.000  0.000 write
00:14:10   2481   0.002       0   0.000  0.000 write
00:14:11   2486   0.002       0   0.000  0.000 write
00:14:12   2469   0.002       0   0.000  0.000 write
00:14:13   2520   0.002       0   0.000  0.000 write
00:14:14   2490   0.002       0   0.000  0.000 write
00:14:15   2518   0.002       0   0.000  0.000 fstat
00:14:16   2484   0.002       0   0.000  0.000 write
00:14:17   2518   0.002       0   0.000  0.000 fstat
00:14:18   2488   0.002       0   0.000  0.000 write
00:14:19   2517   0.002       0   0.000  0.000 write
00:14:20   2486   0.002       0   0.000  0.000 write
00:14:21   2517   0.002       0   0.000  0.000 write
00:14:22   2485   0.002       0   0.000  0.000 write
00:14:23   2513   0.002       0   0.000  0.000 write
00:14:24   2493   0.002       0   0.000  0.000 write
00:14:25   2516   0.002       0   0.000  0.000 fstat
00:14:26   2487   0.002       0   0.000  0.000 write
00:14:27   2518   0.002       0   0.000  0.000 write
00:14:28   2487   0.002       0   0.000  0.000 fstat
00:14:29   2519   0.002       0   0.000  0.000 write
00:14:30   2485   0.002       0   0.000  0.000 write
00:14:31   2495   0.002       0   0.000  0.000 fstat
00:14:32   2485   0.002       0   0.000  0.000 write
00:14:33   2470   0.002       0   0.000  0.000 fstat
00:14:34   2487   0.002       0   0.000  0.000 write
00:14:35   2513   0.002       0   0.000  0.000 write
00:14:36   2485   0.002       0   0.000  0.000 write
00:14:37   2517   0.002       0   0.000  0.000 write
00:14:38   2487   0.002       0   0.000  0.000 write
00:14:39   2520   0.002       0   0.000  0.000 write
00:14:40   2488   0.002       0   0.000  0.000 write
00:14:41   2517   0.002       0   0.000  0.000 write
00:14:42   2489   0.002       0   0.000  0.000 fstat
00:14:43   2517   0.002       0   0.000  0.000 write
00:14:44   2481   0.002       0   0.000  0.000 write
00:14:45   2510   0.002       0   0.000  0.000 write
00:14:46   2473   0.002       0   0.000  0.000 write
00:14:47   2511   0.002       0   0.000  0.000 write
00:14:48   2478   0.002       0   0.000  0.000 write
00:14:49   2521   0.002       0   0.000  0.000 write
00:14:50   2474   0.002       0   0.000  0.000 write
00:14:51   2506   0.002       0   0.000  0.000 write
00:14:52   2481   0.002       0   0.000  0.000 write
00:14:53   2487   0.002       0   0.000  0.000 write
00:14:54   2471   0.002       0   0.000  0.000 write
00:14:55   2471   0.002       0   0.000  0.000 write
00:14:56   2485   0.002       0   0.000  0.000 write
00:14:57   2510   0.002       0   0.000  0.000 write
00:14:58   2476   0.002       0   0.000  0.000 write
00:14:59   2514   0.002       0   0.000  0.000 write
00:15:00   2484   0.002       0   0.000  0.000 write
00:15:01   2502   0.002       0   0.000  0.000 write
00:15:02   2487   0.002       0   0.000  0.000 fstat
00:15:03   2515   0.002       0   0.000  0.000 write
00:15:04   2476   0.002       0   0.000  0.000 write
00:15:05   2512   0.002       0   0.000  0.000 fstat
00:15:06   2478   0.002       0   0.000  0.000 write
00:15:07   2518   0.002       0   0.000  0.000 write
00:15:08   2475   0.002       0   0.000  0.000 write
00:15:09   2515   0.002       0   0.000  0.000 write
00:15:10   2459   0.002       0   0.000  0.000 write
00:15:11   2502   0.002       0   0.000  0.000 write
00:15:12   2428   0.002       0   0.000  0.000 write
00:15:13   2511   0.002       0   0.000  0.000 write
00:15:14   2472   0.002       0   0.000  0.000 write
00:15:15   2505   0.002       0   0.000  0.000 fstat
00:15:16   2478   0.002       0   0.000  0.000 write
00:15:17   2516   0.002       0   0.000  0.000 write
00:15:18   2478   0.002       0   0.000  0.000 write
00:15:19   2518   0.002       0   0.000  0.000 write
00:15:20   8357   0.111     112   0.029  0.006 socket
00:15:21  41253   0.469     341   0.090  0.001 ioctl
00:15:22  42385   0.425     253   0.067  0.000 fsync
00:15:23  34201   0.279     240   0.062  0.000 fsync
00:15:24  49151   0.604      84   0.024  0.001 fsync
00:15:25  50482   0.667      76   0.023  0.001 fsync
00:15:26  49030   0.609      43   0.014  0.001 fsync
00:15:27  48508   0.687      55   0.018  0.001 fsync
00:15:28  47630   0.609      51   0.018  0.001 fsync
00:15:29  48570   0.596      46   0.017  0.001 fsync
00:15:30  54485   0.779      50   0.019  0.001 fsync
00:15:31  55895   0.866      28   0.013  0.001 fsync
00:15:32  57026   0.873      31   0.014  0.001 fsync
00:15:33  57995   0.928      29   0.013  0.001 fsync
00:15:34  56398   0.869      27   0.012  0.001 fsync
00:15:35  53989   0.756      51   0.020  0.001 fsync
00:15:36  51892   0.686      82   0.026  0.001 fsync
00:15:37  52352   0.694      19   0.010  0.001 fsync
00:15:38  51647   0.667      27   0.013  0.004 write
00:15:39  53728   0.716      21   0.011  0.001 fsync
00:15:40  53339   0.759      12   0.007  0.005 write
00:15:41  54153   0.761      12   0.008  0.001 fsync
00:15:42  53180   0.771      15   0.009  0.001 fsync
00:15:43  55968   0.865      30   0.013  0.001 fsync
00:15:44  57189   0.853      39   0.016  0.001 fsync
00:15:45  59753   1.087      40   0.016  0.001 fsync
00:15:46  57359   0.983      32   0.014  0.001 fsync
00:15:47  49974   0.627      35   0.014  0.001 fsync
00:15:48  52567   0.731      38   0.015  0.001 fsync
00:15:49  51751   0.712      43   0.016  0.001 fsync
00:15:50  49369   0.625      40   0.015  0.001 fsync
00:15:51  44642   0.309      75   0.022  0.000 fsync
00:15:52  48909   0.335      36   0.012  0.001 fsync
00:15:53  36884   0.195      23   0.007  0.000 fsync
00:15:54  44089   0.294      36   0.012  0.001 fsync
00:15:55  48748   0.339      47   0.015  0.001 fsync
00:15:56  38352   0.232      50   0.014  0.000 fsync
00:15:57  40188   0.275      53   0.016  0.001 fsync
00:15:58  49237   0.353      54   0.016  0.000 fsync
00:15:59  43098   0.271      61   0.018  0.000 fsync
00:16:00  39910   0.247      53   0.015  0.001 fsync
00:16:01  45632   0.318      67   0.019  0.001 fsync
00:16:02  41780   0.267      58   0.016  0.000 fsync
00:16:03  37545   0.229      45   0.013  0.000 fsync
00:16:04  44787   0.305      43   0.013  0.001 fsync
00:16:05  44562   0.287      38   0.011  0.000 fsync
00:16:06  35632   0.223      46   0.014  0.001 fsync
00:16:07  43661   0.455      48   0.018  0.003 madvise
00:16:08  52249   0.690      29   0.010  0.020 write
00:16:09  54990   0.860      45   0.116  0.100 fsync
00:16:10  54612   0.939      31   0.188  0.102 fsync
00:16:11  54125   1.560      33   0.171  0.101 fsync
00:16:12  40639   0.485      23   0.053  0.045 fsync
00:16:13  27711   0.472       2   0.199  0.100 fsync
00:16:14  34039   0.455     153   0.117  0.076 fsync
00:16:15  30866   0.402       4   0.104  0.103 fsync
00:16:16  31145   0.399       1   0.099  0.099 fsync
00:16:17  31479   0.543      28   0.213  0.099 fsync
00:16:18  54300   1.271     174   0.054  0.000 fsync
00:16:19  60938   1.937      55   0.153  0.101 fsync
00:16:20  64768   2.482      52   0.018  0.001 openat
00:16:21  57838   2.007      44   0.143  0.105 fsync
00:16:22  45660   0.974       5   0.104  0.102 fsync
00:16:23  30840   0.378       1   0.102  0.102 fsync
00:16:24  31717   0.376       1   0.102  0.102 fsync
00:16:25  28786   0.372       1   0.103  0.103 fsync
00:16:26  33188   0.447       2   0.204  0.102 fsync
00:16:27  29264   0.382       1   0.102  0.102 fsync
00:16:28  29446   0.380       1   0.100  0.100 fsync
00:16:29  29187   0.382       1   0.102  0.102 fsync
00:16:30  29222   0.383       1   0.102  0.102 fsync
00:16:31  31678   0.437       2   0.201  0.101 fsync
00:16:32  30773   0.378       1   0.099  0.099 fsync
00:16:33  38499   0.360       1   0.099  0.099 fsync
00:16:34  34543   0.436       2   0.199  0.099 fsync
00:16:35  36040   0.372       1   0.099  0.099 fsync
00:16:36  38549   0.366       1   0.099  0.099 fsync
00:16:37  30528   0.445       2   0.199  0.100 fsync
00:16:38  34588   0.380       1   0.109  0.109 fsync
00:16:39  34153   0.381       1   0.100  0.100 fsync
00:16:40  30661   0.369       1   0.099  0.099 fsync
00:16:41  35990   0.481       6   0.232  0.099 fsync
00:16:42  36168   0.385       1   0.099  0.099 fsync
00:16:43  36080   0.376       4   0.095  0.095 fsync
00:16:44  28888   0.373       1   0.099  0.099 fsync
00:16:45  38558   0.463       2   0.199  0.099 fsync
00:16:46  34526   0.398      44   0.090  0.077 fsync
00:16:47  28530   0.460       5   0.200  0.100 fsync
00:16:48  32693   0.401       7   0.101  0.100 fsync
00:16:49  32938   0.370      10   0.060  0.058 fsync
00:16:50  30582   0.384       7   0.101  0.099 fsync
00:16:51  31487   0.471      11   0.187  0.100 fsync
00:16:52  32718   0.390       7   0.102  0.100 fsync
00:16:53  30757   0.398       7   0.101  0.100 fsync
00:16:54  38337   1.008      14   0.141  0.100 fsync
00:16:55  61495   2.072      21   0.007  0.001 fsync
00:16:56  58717   2.072      26   0.118  0.102 fsync
00:16:57  32601   0.426      31   0.112  0.099 fsync
00:16:58  31023   0.413      11   0.126  0.099 fsync
00:16:59  31433   0.393       7   0.101  0.099 fsync
00:17:00  31183   0.392       4   0.101  0.100 fsync
00:17:01  32063   0.401      11   0.122  0.100 fsync
00:17:02  31867   0.395       7   0.101  0.099 fsync
00:17:03  31011   0.387       7   0.102  0.100 fsync
00:17:04  30087   0.470      11   0.194  0.099 fsync
00:17:05  31374   0.394       7   0.101  0.099 fsync
00:17:06  31382   0.392       7   0.101  0.099 fsync
00:17:07  31630   0.396       7   0.101  0.099 fsync
00:17:08  29382   0.438      11   0.163  0.099 fsync
00:17:09  31462   0.389       7   0.101  0.099 fsync
00:17:10  31309   0.395       7   0.101  0.099 fsync
00:17:11  31668   0.401       7   0.101  0.099 fsync
00:17:12  31572   0.396      10   0.107  0.096 fsync
00:17:13  28007   0.462       8   0.202  0.100 fsync
00:17:14  31191   0.392       7   0.102  0.100 fsync
00:17:15  34479   0.390       7   0.102  0.100 fsync
00:17:16  31763   0.382       7   0.087  0.081 fsync
00:17:17  30882   0.389       7   0.101  0.099 fsync
00:17:18  28478   0.497       8   0.231  0.100 fsync
00:17:19  32842   0.371      10   0.062  0.060 fsync
00:17:20  31719   0.397       7   0.101  0.099 fsync
00:17:21  30715   0.390       7   0.101  0.100 fsync
00:17:22  30831   0.466      11   0.164  0.100 fsync
00:17:23  31234   0.397       7   0.101  0.099 fsync
00:17:24  29331   0.479      11   0.198  0.100 fsync
00:17:25  32243   0.397       7   0.101  0.099 fsync
00:17:26  31969   0.404       7   0.105  0.099 fsync
00:17:27  31418   0.449      11   0.163  0.099 fsync
00:17:28  31569   0.382       7   0.101  0.099 fsync
00:17:29  31624   0.385       7   0.104  0.099 fsync
00:17:30  30691   0.382       7   0.101  0.099 fsync
00:17:31  30626   0.385       7   0.101  0.100 fsync
00:17:32  30856   0.384       7   0.102  0.100 fsync
00:17:33  30095   0.369       7   0.101  0.100 fsync
00:17:34  29130   0.465       8   0.203  0.102 fsync
00:17:35  31358   0.380       7   0.101  0.100 fsync
00:17:36  31208   0.382       7   0.101  0.100 fsync
00:17:37  34913   0.370       7   0.101  0.100 fsync
00:17:38  34945   0.433       8   0.203  0.102 fsync
00:17:39  32370   0.395       7   0.113  0.100 fsync
00:17:40  32410   0.385       7   0.101  0.099 fsync
00:17:41  32059   0.386       7   0.101  0.100 fsync
00:17:42  31942   0.386       7   0.101  0.099 fsync
00:17:43  29414   0.454       8   0.201  0.100 fsync
00:17:44  32290   0.385       7   0.101  0.100 fsync
00:17:45  39012   0.370       7   0.101  0.100 fsync
00:17:46  34038   0.388       7   0.101  0.100 fsync
00:17:47  30253   0.458       8   0.201  0.100 fsync
00:17:48  38278   0.381       7   0.101  0.100 fsync
00:17:49  21831   0.425      11   0.135  0.099 fsync
00:17:50   2215   0.005       6   0.002  0.000 fsync
00:17:51   2215   0.004       3   0.001  0.000 fsync
00:17:52   2297   0.006       6   0.002  0.000 fsync
00:17:53   2256   0.005       6   0.002  0.000 fsync
00:17:54   2241   0.005       6   0.002  0.000 fsync
00:17:55   2254   0.005       6   0.002  0.000 fsync
00:17:56   2239   0.005       6   0.002  0.000 fsync
00:17:57   2320   0.006       6   0.002  0.000 fsync
00:17:58   2237   0.005       6   0.002  0.000 fsync
00:17:59   2329   0.006       6   0.002  0.000 fsync
00:18:00   2256   0.005       6   0.002  0.000 fsync
00:18:01   2307   0.005       6   0.002  0.000 fsync
00:18:02   2220   0.005       6   0.002  0.000 fsync
00:18:03   2318   0.006       6   0.002  0.000 fsync
00:18:04   2299   0.006       6   0.002  0.000 fsync
00:18:05   2381   0.006       6   0.002  0.000 fsync
00:18:06   2220   0.005       6   0.002  0.000 fsync
00:18:07   2316   0.005       6   0.002  0.000 fsync
00:18:08   2248   0.005       4   0.001  0.000 fsync
00:18:09   2144   0.004       5   0.001  0.000 fsync
00:18:10   2192   0.005       6   0.002  0.000 fsync
00:18:11   2299   0.005       6   0.002  0.000 fsync
00:18:12   2226   0.005       6   0.002  0.000 fsync
00:18:13   2322   0.006       6   0.002  0.000 fsync
00:18:14   2258   0.005       6   0.002  0.000 fsync
00:18:15   2300   0.006       6   0.002  0.000 fsync
00:18:16   2236   0.005       6   0.002  0.000 fsync
00:18:17   2301   0.005       6   0.002  0.000 fsync
00:18:18   2252   0.005       6   0.002  0.000 fsync
00:18:19   2321   0.006       6   0.002  0.000 fsync
00:18:20   2298   0.006       6   0.002  0.000 fsync
00:18:21   2322   0.006       6   0.002  0.000 fsync
00:18:22   2252   0.005       6   0.002  0.000 fsync
00:18:23   2311   0.006       6   0.002  0.000 fsync
00:18:24   2229   0.005       6   0.002  0.000 fsync
00:18:25   2332   0.005       6   0.002  0.000 fsync
00:18:26   2252   0.005       6   0.002  0.000 fsync
00:18:27   2328   0.006       6   0.002  0.000 fsync
00:18:28   2272   0.005       6   0.002  0.000 fsync
00:18:29  40531   0.353     610   0.156  0.001 ioctl
00:18:30  21721   0.186     262   0.068  0.000 fsync
00:18:31  14042   0.167     318   0.083  0.001 fsync
00:18:32  31031   0.344     748   0.191  0.001 fsync
00:18:33  28235   0.265     319   0.082  0.000 fsync
00:18:34  13762   0.124      66   0.018  0.000 fsync
00:18:35  11832   0.099      48   0.013  0.000 fsync
00:18:36  13587   0.116      51   0.014  0.000 fsync
00:18:37  14359   0.121      51   0.014  0.000 fsync
00:18:38  12079   0.107      63   0.017  0.000 fsync
00:18:39  12559   0.106      45   0.012  0.000 fsync
00:18:40  14766   0.121      27   0.008  0.000 fsync
00:18:41  12917   0.099       6   0.002  0.000 fsync
00:18:42  12600   0.105      15   0.005  0.001 fsync
00:18:43  14188   0.111       6   0.002  0.000 fsync
00:18:44  14247   0.116      15   0.004  0.001 fsync
00:18:45  11001   0.086       6   0.002  0.001 fsync
00:18:46  15411   0.128      15   0.005  0.001 fsync
00:18:47  13563   0.107       6   0.002  0.001 fsync
00:18:48  11357   0.089       6   0.002  0.001 fsync
00:18:49  14768   0.121       6   0.003  0.001 fsync
00:18:50  13504   0.108       6   0.002  0.001 fsync
00:18:51  11617   0.090       6   0.002  0.001 fsync
00:18:52  14747   0.121       6   0.002  0.001 fsync
00:18:53  19485   0.169      18   0.006  0.001 fsync
00:18:54  26533   0.269      82   0.023  0.001 fsync
00:18:55  47635   0.548      56   0.018  0.001 fsync
00:18:56  46209   0.627      43   0.114  0.100 fsync
00:18:57  44616   0.598       7   0.103  0.101 fsync
00:18:58  43876   0.628      58   0.112  0.096 fsync
00:18:59  45365   0.634      37   0.112  0.101 fsync
00:19:00  44900   0.609      22   0.107  0.101 fsync
00:19:01  43197   0.706      41   0.191  0.101 fsync
00:19:02  47490   0.562      22   0.028  0.021 fsync
00:19:03  47836   0.570      41   0.029  0.018 fsync
00:19:04  46901   0.540      24   0.026  0.019 fsync
00:19:05  46493   0.558      25   0.018  0.011 fsync
00:19:06  46036   0.538      40   0.029  0.018 fsync
00:19:07  45201   0.491       7   0.020  0.018 fsync
00:19:08  45901   0.781     210   0.335  0.101 fsync
00:19:09  58234   0.748     384   0.127  0.004 openat
00:19:10  50557   0.871     511   0.288  0.102 fsync
00:19:11  56983   1.142     488   0.282  0.101 fsync
00:19:12  55441   1.082     667   0.333  0.101 fsync
00:19:13  51743   0.861     612   0.182  0.002 fsync
00:19:14  56276   1.013     625   0.269  0.101 fsync
00:19:15  53724   1.009     657   0.349  0.101 fsync
00:19:16  60261   1.076     605   0.334  0.102 fsync
00:19:17  58139   0.977     478   0.282  0.101 fsync
00:19:18  49383   0.721     544   0.158  0.006 fsync
00:19:19  53519   0.924     710   0.336  0.101 fsync
00:19:20  51029   0.956     644   0.344  0.102 fsync
00:19:21  50456   0.926     613   0.336  0.101 fsync
00:19:22  48931   0.885     594   0.327  0.100 fsync
00:19:23  49626   0.899     622   0.340  0.101 fsync
00:19:24  52697   0.992     696   0.361  0.102 fsync
00:19:25  52617   0.735     434   0.144  0.003 fsync
00:19:26  54628   0.815     333   0.236  0.102 fsync
00:19:27  55268   0.940     507   0.280  0.102 fsync
00:19:28  57536   0.918     444   0.284  0.101 fsync
00:19:29  52923   1.007     640   0.351  0.101 fsync
00:19:30  48795   0.883     574   0.331  0.102 fsync
00:19:31  53060   0.849     713   0.203  0.003 fsync
00:19:32  60069   1.179     729   0.356  0.101 fsync
00:19:33  50363   0.914     611   0.339  0.101 fsync
00:19:34  48617   0.885     610   0.335  0.101 fsync
00:19:35  41549   0.826     474   0.333  0.101 fsync
00:19:36  44049   0.652     409   0.125  0.004 close
00:19:37  45161   0.825     389   0.395  0.102 fsync
00:19:38  50505   0.939     606   0.316  0.087 fsync
00:19:39  49838   0.805     478   0.283  0.101 fsync
00:19:40  46394   0.827     467   0.304  0.101 fsync
00:19:41  46126   0.787     429   0.290  0.101 fsync
00:19:42  46892   0.679     435   0.152  0.038 fsync
00:19:43  49889   0.897     599   0.335  0.101 fsync
00:19:44  44490   0.718     332   0.256  0.101 fsync
00:19:45  49325   0.885     551   0.346  0.101 fsync
00:19:46  50053   0.739     473   0.254  0.101 fsync
00:19:47  50344   0.807     543   0.294  0.100 fsync
00:19:48  50877   0.939     574   0.329  0.101 fsync
00:19:49  57305   0.917     346   0.253  0.101 fsync
00:19:50  51635   0.930     592   0.319  0.101 fsync
00:19:51  43537   0.680     275   0.208  0.101 fsync
00:19:52  44971   0.707     357   0.193  0.088 fsync
00:19:53  49827   0.836     579   0.292  0.101 fsync
00:19:54  49386   0.844     565   0.269  0.101 fsync
00:19:55  51848   0.741     450   0.130  0.006 fsync
00:19:56  45827   0.888     515   0.358  0.101 fsync
00:19:57  43582   0.686     322   0.223  0.101 fsync
00:19:58  48262   0.806     503   0.278  0.102 fsync
00:19:59  42358   0.606     212   0.172  0.078 fsync
00:20:00  45640   0.698     261   0.215  0.101 fsync
00:20:01  45566   0.627     208   0.161  0.101 fsync
00:20:02  45582   0.763     269   0.301  0.102 fsync
00:20:03  44589   0.640     239   0.183  0.101 fsync
00:20:04  47874   0.704     368   0.213  0.102 fsync
00:20:05  47407   0.763     438   0.236  0.102 fsync
00:20:06  46918   0.664     328   0.228  0.102 fsync
00:20:07  43641   0.696     215   0.229  0.101 fsync
00:20:08  44708   0.645     291   0.200  0.102 fsync
00:20:09  47880   0.688     375   0.232  0.103 fsync
00:20:10  50513   0.768     373   0.215  0.097 fsync
00:20:11  54361   0.843     452   0.230  0.101 fsync
00:20:12  47220   0.748     429   0.226  0.102 fsync
00:20:13  50987   0.735     318   0.216  0.108 fsync
00:20:14  45804   0.658     295   0.185  0.102 fsync
00:20:15  45148   0.700     320   0.191  0.086 fsync
00:20:16  48378   0.757     415   0.221  0.105 fsync
00:20:17  48975   0.689     321   0.203  0.105 fsync
00:20:18  45038   0.768     372   0.279  0.104 fsync
00:20:19  47994   0.657     402   0.119  0.002 fsync
00:20:20  44937   1.199     238   0.355  0.106 fsync
00:20:21  49092   0.919     370   0.285  0.105 fsync
00:20:22  47619   0.700     373   0.214  0.106 fsync
00:20:23  50303   0.948     414   0.293  0.106 fsync
00:20:24  46630   0.978     244   0.269  0.105 fsync
00:20:25  46893   0.945     399   0.314  0.109 fsync
00:20:26  46458   0.714     262   0.262  0.105 fsync
00:20:27  49362   1.347     497   0.324  0.104 fsync
00:20:28  41842   0.947     101   0.131  0.104 fsync
00:20:29  45896   0.986     323   0.252  0.101 fsync
00:20:30  56037   0.985     606   0.281  0.102 fsync
00:20:31  52811   0.846     481   0.131  0.001 fsync
00:20:32  45871   0.833     400   0.249  0.101 fsync
00:20:33  45473   0.782     413   0.268  0.101 fsync
00:20:34  47930   0.816     518   0.281  0.102 fsync
00:20:35  48496   0.805     423   0.244  0.102 fsync
00:20:36  46331   0.736     323   0.216  0.102 fsync
00:20:37  45897   0.718     349   0.213  0.102 fsync
00:20:38  45287   0.701     304   0.189  0.101 fsync
00:20:39  44965   0.682     284   0.179  0.101 fsync
00:20:40  46458   1.235     375   0.302  0.101 fsync
00:20:41  51549   0.993     344   0.273  0.101 fsync
00:20:42  51888   0.804     299   0.248  0.101 fsync
00:20:43  47938   0.694     284   0.177  0.101 fsync
00:20:44  47812   0.732     333   0.196  0.100 fsync
00:20:45  41268   0.777     228   0.227  0.103 fsync
00:20:46  47825   0.627     260   0.070  0.004 close
00:20:47  46502   0.718     244   0.189  0.101 fsync
00:20:48  46899   0.797     239   0.281  0.101 fsync
00:20:49  51086   0.777     335   0.246  0.102 fsync
00:20:50  50461   0.686     250   0.179  0.100 fsync
00:20:51  51581   0.793     309   0.258  0.102 fsync
00:20:52  47672   0.727     288   0.171  0.080 fsync
00:20:53  53579   0.853     469   0.259  0.101 fsync
00:20:54  46466   0.712     180   0.206  0.102 fsync
00:20:55  46843   0.842     332   0.291  0.101 fsync
00:20:56  50188   0.723     253   0.209  0.101 fsync
00:20:57  50622   0.705     230   0.220  0.102 fsync
00:20:58  51442   0.753     383   0.192  0.086 fsync
00:20:59  47755   0.714     208   0.210  0.102 fsync
00:21:00  46474   0.694     198   0.176  0.102 fsync
00:21:01  44602   0.748     223   0.248  0.104 fsync
00:21:02  46290   0.704     222   0.182  0.104 fsync
00:21:03  47614   0.703     249   0.181  0.104 fsync
00:21:04  48082   0.882     345   0.297  0.104 fsync
00:21:05  44299   0.731     131   0.232  0.104 fsync
00:21:06  46635   0.750     215   0.230  0.104 fsync
00:21:07  46706   0.748     262   0.218  0.105 fsync
00:21:08  54411   0.732     410   0.145  0.020 fsync
00:21:09  48747   0.764     311   0.253  0.105 fsync
00:21:10  47922   0.766     229   0.250  0.107 fsync
00:21:11  44914   0.816     225   0.303  0.107 fsync
00:21:12  46338   0.675     164   0.178  0.109 fsync
00:21:13  48722   0.710     284   0.211  0.105 fsync
00:21:14  44091   0.677     135   0.180  0.104 fsync
00:21:15  45647   0.655     219   0.125  0.054 fsync
00:21:16  43811   0.680     117   0.172  0.111 fsync
00:21:17  42128   0.645     146   0.167  0.104 fsync
00:21:18  50680   0.794     393   0.187  0.082 fsync
00:21:19  45896   0.684     168   0.175  0.108 fsync
00:21:20  44015   0.703     152   0.195  0.106 fsync
00:21:21  42966   0.789     142   0.263  0.105 fsync
00:21:22  43231   0.642      81   0.166  0.103 fsync
00:21:23  43431   0.613     140   0.141  0.103 fsync
00:21:24  43664   0.669      86   0.172  0.108 fsync
00:21:25  43448   0.595      73   0.124  0.104 fsync
00:21:26  43549   0.642      92   0.159  0.072 fsync
00:21:27  46147   0.647      81   0.164  0.105 fsync
00:21:28  43694   0.768      75   0.298  0.105 fsync
00:21:29  46250   0.678     249   0.165  0.099 fsync
00:21:30  47091   0.667     136   0.194  0.101 fsync
00:21:31  45425   0.767     223   0.229  0.102 fsync
00:21:32  49491   0.810     347   0.279  0.102 fsync
00:21:33  45708   0.771     231   0.250  0.101 fsync
00:21:34  47388   0.768     337   0.236  0.102 fsync
00:21:35  47353   0.748     372   0.209  0.101 fsync
00:21:36  51333   0.775     321   0.236  0.102 fsync
00:21:37  50856   0.869     433   0.282  0.102 fsync
00:21:38  52437   0.846     424   0.290  0.102 fsync
00:21:39  51888   0.801     407   0.235  0.102 fsync
00:21:40  51247   0.927     561   0.310  0.102 fsync
00:21:41  51745   0.766     439   0.144  0.004 fsync
00:21:42  42436   0.585      41   0.127  0.101 fsync
00:21:43  36822   0.589       8   0.214  0.100 fsync
00:21:44  41111   0.553      20   0.125  0.102 fsync
00:21:45  44657   0.567      12   0.104  0.100 fsync
00:21:46  38060   0.488       7   0.103  0.101 fsync
00:21:47  36888   0.522       4   0.102  0.100 fsync
00:21:48  36225   0.467       7   0.102  0.100 fsync
00:21:49  37720   0.493       7   0.103  0.101 fsync
00:21:50  37589   0.492       7   0.103  0.101 fsync
00:21:51  38105   0.509       4   0.101  0.101 fsync
00:21:52  36779   0.481       7   0.111  0.101 fsync
00:21:53  34503   0.626       8   0.240  0.101 fsync
00:21:54  39745   0.496       7   0.103  0.101 fsync
00:21:55  40422   0.514      10   0.039  0.036 fsync
00:21:56  38173   0.538       7   0.135  0.100 fsync
00:21:57  41934   0.551       8   0.204  0.101 fsync
00:21:58  45268   0.462       7   0.103  0.101 fsync
00:21:59  41260   0.583      11   0.190  0.101 fsync
00:22:00  38917   0.496       7   0.103  0.101 fsync
00:22:01  37979   0.524       7   0.103  0.101 fsync
00:22:02  37601   0.464      10   0.067  0.063 fsync
00:22:03  39765   0.574      24   0.151  0.101 fsync
00:22:04  42660   0.704      19   0.169  0.100 fsync
00:22:05  38601   0.538      10   0.101  0.099 fsync
00:22:06  39201   0.507       7   0.103  0.101 fsync
00:22:07  40074   0.534       7   0.103  0.101 fsync
00:22:08  45717   0.753      11   0.193  0.105 fsync
00:22:09  45724   0.623       7   0.109  0.106 fsync
00:22:10  47142   0.617       7   0.105  0.103 fsync
00:22:11  46293   0.605       7   0.103  0.101 fsync
00:22:12  55932   1.359      29   0.070  0.060 fsync
00:22:13  69406   2.886      25   0.012  0.001 fsync
00:22:14  55123   1.725      28   0.169  0.100 fsync
00:22:15  59650   1.895      62   0.019  0.001 fsync
00:22:16  66422   2.098      86   0.139  0.104 fsync
00:22:17  66510   2.077     100   0.035  0.002 fsync
00:22:18  58221   1.910      32   0.099  0.089 fsync
00:22:19  31880   0.418       7   0.106  0.100 fsync
00:22:20  31853   0.396       7   0.101  0.100 fsync
00:22:21  31293   0.432      11   0.142  0.099 fsync
00:22:22  32483   0.395       7   0.102  0.100 fsync
00:22:23  30091   0.460       8   0.202  0.100 fsync
00:22:24  31389   0.328      10   0.028  0.025 fsync
00:22:25  31382   0.489       8   0.200  0.100 fsync
00:22:26  31067   0.423      11   0.122  0.099 fsync
00:22:27  32329   0.396       7   0.101  0.099 fsync
00:22:28  32461   0.400       7   0.105  0.099 fsync
00:22:29  32082   0.399       7   0.101  0.100 fsync
00:22:30  31123   0.395      10   0.090  0.088 fsync
00:22:31  30005   0.465       8   0.201  0.100 fsync
00:22:32  32314   0.400       7   0.101  0.099 fsync
00:22:33  31092   0.348      10   0.050  0.048 fsync
00:22:34  30993   0.487       8   0.200  0.099 fsync
00:22:35  32070   0.382      10   0.080  0.077 fsync
00:22:36  30496   0.380       7   0.101  0.099 fsync
00:22:37  30284   0.381       7   0.101  0.100 fsync
00:22:38  30370   0.380       7   0.101  0.100 fsync
00:22:39  27573   0.350       7   0.101  0.099 fsync
00:22:40  30506   0.481       8   0.201  0.100 fsync
00:22:41  30520   0.385       7   0.104  0.100 fsync
00:22:42  30569   0.381       7   0.101  0.099 fsync
00:22:43  32123   0.373       7   0.101  0.100 fsync
00:22:44  30362   0.383       7   0.102  0.100 fsync
00:22:45  30229   0.383       7   0.102  0.100 fsync
00:22:46  29558   0.375       7   0.102  0.100 fsync
00:22:47  27895   0.461       8   0.205  0.100 fsync
00:22:48  30955   0.385       7   0.102  0.100 fsync
00:22:49  31055   0.387       7   0.102  0.100 fsync
00:22:50  30764   0.389       7   0.102  0.100 fsync
00:22:51  30922   0.388       7   0.102  0.100 fsync
00:22:52  30835   0.387       4   0.101  0.100 fsync
00:22:53  30554   0.385       4   0.101  0.100 fsync
00:22:54  27818   0.452       8   0.202  0.100 fsync
00:22:55  31599   0.388       7   0.102  0.100 fsync
00:22:56  31631   0.397       7   0.102  0.100 fsync
00:22:57  31755   0.397       7   0.102  0.100 fsync
00:22:58  26381   0.497      11   0.139  0.100 fsync
00:22:59  31681   0.397       7   0.101  0.100 fsync
00:23:00  31804   0.400       7   0.101  0.100 fsync
00:23:01  30212   0.384       7   0.101  0.099 fsync
00:23:02  30825   0.467      11   0.166  0.099 fsync
00:23:03  32415   0.398       7   0.101  0.100 fsync
00:23:04  31862   0.396       7   0.101  0.100 fsync
00:23:05  30612   0.386       7   0.101  0.100 fsync
00:23:06  30572   0.470      11   0.170  0.099 fsync
00:23:07  31981   0.400       7   0.102  0.100 fsync
00:23:08  31858   0.407       7   0.108  0.106 fsync
00:23:09  31168   0.407      10   0.104  0.102 fsync
00:23:10  32054   0.409       7   0.111  0.103 fsync
00:23:11  29411   0.377       7   0.104  0.102 fsync
00:23:12  30849   0.501      11   0.199  0.100 fsync
00:23:13  32944   0.398       7   0.101  0.100 fsync
00:23:14  32248   0.403       7   0.101  0.100 fsync
00:23:15  32093   0.399      10   0.082  0.079 fsync
00:23:16  28680   0.464       8   0.201  0.100 fsync
00:23:17  32622   0.403       7   0.101  0.099 fsync
00:23:18  10687   0.162      10   0.062  0.059 fsync
00:23:19   2296   0.005       6   0.002  0.000 fsync
00:23:20   2257   0.005       6   0.002  0.000 fsync
00:23:21   2319   0.005       6   0.002  0.000 fsync
00:23:22   2357   0.005       6   0.002  0.000 fsync
00:23:23   2213   0.004       6   0.002  0.000 fsync
00:23:24   2306   0.005       6   0.002  0.000 fsync
00:23:25   2372   0.006       6   0.002  0.000 fsync
00:23:26   2244   0.005       6   0.002  0.000 fsync
00:23:27   2360   0.006       6   0.002  0.000 fsync
00:23:28   2307   0.005       6   0.002  0.000 fsync
00:23:29   2319   0.006       6   0.002  0.000 fsync
00:23:30   2286   0.005       6   0.002  0.000 fsync
00:23:31   2310   0.005       6   0.002  0.000 fsync
00:23:32   2257   0.005       6   0.002  0.000 fsync
00:23:33   2302   0.005       6   0.002  0.000 fsync
00:23:34   2242   0.005       6   0.002  0.000 fsync
00:23:35   2404   0.006       6   0.002  0.000 fsync
00:23:36   2346   0.005       6   0.002  0.000 fsync
00:23:37   2360   0.006       6   0.002  0.000 fsync
00:23:38   2254   0.005       6   0.002  0.000 fsync
00:23:39   2289   0.005       6   0.002  0.000 fsync
00:23:40   2278   0.005       6   0.002  0.000 fsync
00:23:41   2299   0.005       6   0.002  0.000 fsync
00:23:42   2341   0.006       6   0.002  0.000 fsync
00:23:43   2274   0.005       6   0.002  0.000 fsync
00:23:44   2228   0.004       3   0.001  0.000 fsync
00:23:45   2118   0.003       3   0.001  0.000 fsync
00:23:46   2274   0.005       6   0.002  0.000 fsync
00:23:47   2299   0.005       6   0.002  0.000 fsync
00:23:48   2284   0.005       6   0.002  0.000 fsync
00:23:49   2280   0.005       6   0.002  0.000 fsync
00:23:50   2314   0.005       6   0.002  0.000 fsync
00:23:51   2281   0.005       6   0.002  0.000 fsync
00:23:52   2322   0.006       6   0.002  0.000 fsync
00:23:53   2362   0.005       6   0.002  0.000 fsync
00:23:54   2269   0.005       6   0.002  0.000 fsync
00:23:55   2279   0.005       6   0.002  0.000 fsync
00:23:56   2307   0.006       6   0.002  0.000 fsync
00:23:57   2273   0.005       6   0.002  0.000 fsync
00:23:58   2291   0.006       6   0.002  0.000 fsync
00:23:59   2295   0.005       6   0.002  0.000 fsync
00:24:00   2183   0.005       6   0.002  0.000 fsync
00:24:01   2309   0.005       6   0.002  0.000 fsync
00:24:02   2255   0.005       6   0.002  0.000 fsync
00:24:03   2178   0.004       6   0.002  0.000 fsync
00:24:04   2301   0.005       6   0.002  0.000 fsync
00:24:05   2336   0.006       6   0.002  0.000 fsync
00:24:06   2178   0.005       6   0.002  0.000 fsync
00:24:07   2287   0.005       6   0.002  0.000 fsync
00:24:08   2235   0.005       6   0.002  0.000 fsync
00:24:09   2296   0.005       6   0.002  0.000 fsync
00:24:10   2295   0.006       6   0.002  0.000 fsync
00:24:11   2295   0.005       6   0.002  0.000 fsync
00:24:12   2264   0.005       6   0.002  0.000 fsync
00:24:13   2317   0.006       6   0.002  0.000 fsync
00:24:14   2263   0.005       6   0.002  0.000 fsync
00:24:15   2304   0.005       6   0.002  0.000 fsync
00:24:16   2211   0.005       6   0.002  0.000 fsync
00:24:17   2325   0.005       6   0.002  0.000 fsync
00:24:18   2283   0.005       6   0.002  0.000 fsync
00:24:19   2287   0.005       6   0.002  0.000 fsync
00:24:20   2245   0.005       6   0.002  0.000 fsync
00:24:21   2259   0.005       6   0.002  0.000 fsync
00:24:22   2283   0.005       6   0.002  0.000 fsync
00:24:23   2303   0.005       6   0.002  0.000 fsync
00:24:24   2221   0.005       6   0.002  0.000 fsync
00:24:25   2298   0.006       6   0.002  0.000 fsync
00:24:26   2317   0.006       6   0.002  0.000 fsync
00:24:27   2222   0.005       6   0.002  0.000 fsync
00:24:28   2322   0.006       6   0.002  0.000 fsync
00:24:29   2210   0.005       6   0.002  0.000 fsync
00:24:30   2291   0.006       6   0.002  0.000 fsync
00:24:31   2302   0.006       6   0.002  0.000 fsync
00:24:32   2255   0.005       6   0.002  0.000 fsync
00:24:33   2236   0.005       6   0.002  0.000 fsync
00:24:34   2389   0.006       6   0.002  0.000 fsync
00:24:35   2249   0.006       6   0.002  0.000 fsync
00:24:36   2323   0.006       6   0.002  0.000 fsync
00:24:37   2145   0.003       0   0.000  0.000 openat
00:24:38   2132   0.004       6   0.002  0.000 fsync
00:24:39   2219   0.005       6   0.002  0.000 fsync
00:24:40   2382   0.006       6   0.002  0.000 fsync
00:24:41   2294   0.005       6   0.002  0.000 fsync
00:24:42   2275   0.005       6   0.002  0.000 fsync
00:24:43   2301   0.005       6   0.002  0.000 fsync
00:24:44   2302   0.005       6   0.002  0.000 fsync
00:24:45   2267   0.005       6   0.002  0.000 fsync
00:24:46   2312   0.005       6   0.002  0.000 fsync
00:24:47   2259   0.005       6   0.002  0.000 fsync
00:24:48   2354   0.006       6   0.002  0.000 fsync
00:24:49   2274   0.005       6   0.002  0.000 fsync
00:24:50   2295   0.005       6   0.002  0.000 fsync
00:24:51   2315   0.006       6   0.002  0.000 fsync
00:24:52   2290   0.005       6   0.002  0.000 fsync
00:24:53   2261   0.005       6   0.002  0.000 fsync
00:24:54   2325   0.005       6   0.002  0.000 fsync
00:24:55   2235   0.005       6   0.002  0.000 fsync
00:24:56   2342   0.005       6   0.002  0.000 fsync
00:24:57   2299   0.005       6   0.002  0.000 fsync
00:24:58   2324   0.006       6   0.002  0.000 fsync
00:24:59   2290   0.005       6   0.002  0.000 fsync
00:25:00   2298   0.005       6   0.002  0.000 fsync
00:25:01   2249   0.005       6   0.002  0.000 fsync
00:25:02   2320   0.006       6   0.002  0.000 fsync
00:25:03   2225   0.005       6   0.002  0.000 fsync
00:25:04   2259   0.005       6   0.002  0.000 fsync
00:25:05   2250   0.005       6   0.002  0.000 fsync
00:25:06   2259   0.005       6   0.002  0.000 fsync
00:25:07   2307   0.006       6   0.002  0.000 fsync
00:25:08   2338   0.006       6   0.002  0.000 fsync
00:25:09   2260   0.005       6   0.002  0.000 fsync
00:25:10   2297   0.005       6   0.002  0.000 fsync
00:25:11   2269   0.005       6   0.002  0.000 fsync
00:25:12   2276   0.005       6   0.002  0.000 fsync
00:25:13   2303   0.005       6   0.002  0.000 fsync
00:25:14   2273   0.005       6   0.002  0.000 fsync
00:25:15   2230   0.005       6   0.002  0.000 fsync
00:25:16   2292   0.005       6   0.002  0.000 fsync
00:25:17   2317   0.006       6   0.002  0.000 fsync
00:25:18   2311   0.005       6   0.002  0.000 fsync
00:25:19   2221   0.005       6   0.002  0.000 fsync
00:25:20   2329   0.006       6   0.002  0.000 fsync
00:25:21   2293   0.005       6   0.002  0.000 fsync
00:25:22   2287   0.005       6   0.002  0.000 fsync
00:25:23   2328   0.006       6   0.002  0.000 fsync
00:25:24   2301   0.005       6   0.002  0.000 fsync
00:25:25   2284   0.006       6   0.002  0.000 fsync
00:25:26   2303   0.006       6   0.002  0.000 fsync
00:25:27   2239   0.005       6   0.002  0.000 fsync
00:25:28   2256   0.005       6   0.002  0.000 fsync
00:25:29   2351   0.006       6   0.002  0.000 fsync
00:25:30   2209   0.004       3   0.001  0.000 fsync
00:25:31   2073   0.003       3   0.001  0.000 fsync
00:25:32   2335   0.006       6   0.002  0.000 fsync
00:25:33   2291   0.006       6   0.002  0.000 fsync
00:25:34   2354   0.005       6   0.002  0.000 fsync
00:25:35   2268   0.005       6   0.002  0.000 fsync
00:25:36   2372   0.006       6   0.002  0.000 fsync
00:25:37   2278   0.006       6   0.002  0.000 fsync
00:25:38   2227   0.005       6   0.002  0.000 fsync
00:25:39   2377   0.006       6   0.002  0.000 fsync
00:25:40   2345   0.006       6   0.002  0.000 fsync
00:25:41   2251   0.005       6   0.002  0.000 fsync
00:25:42   2340   0.006       6   0.002  0.000 fsync
00:25:43   2285   0.006       6   0.002  0.000 fsync
00:25:44   2245   0.005       6   0.002  0.000 fsync
00:25:45   2301   0.006       6   0.002  0.000 fsync
00:25:46   2246   0.005       6   0.002  0.000 fsync
00:25:47   2248   0.005       6   0.002  0.000 fsync
00:25:48   2239   0.005       6   0.002  0.000 fsync
00:25:49   2246   0.005       6   0.002  0.000 fsync
00:25:50   2262   0.005       6   0.002  0.000 fsync
00:25:51   2340   0.006       6   0.002  0.000 fsync
00:25:52   2280   0.006       6   0.002  0.000 fsync
00:25:53   2330   0.006       6   0.002  0.000 fsync
00:25:54   2339   0.006       6   0.002  0.000 fsync
00:25:55   2267   0.006       6   0.002  0.000 fsync
00:25:56   2298   0.006       6   0.002  0.000 fsync
00:25:57  18428   0.173      24   0.007  0.000 ftruncate
00:25:58  32181   0.395       7   0.101  0.100 fsync
00:25:59  29009   0.469      11   0.191  0.103 fsync
00:26:00  31604   0.397       7   0.105  0.104 fsync
00:26:01  31667   0.402       7   0.104  0.103 fsync
00:26:02  32142   0.393       7   0.101  0.099 fsync
00:26:03  32249   0.405       7   0.104  0.103 fsync
00:26:04  29584   0.376      10   0.089  0.087 fsync
00:26:05  30792   0.488       8   0.200  0.100 fsync
00:26:06  33279   0.433       6   0.138  0.100 fsync
00:26:07  31252   0.367      10   0.064  0.062 fsync
00:26:08  28604   0.360       7   0.101  0.100 fsync
00:26:09  29320   0.470       8   0.200  0.100 fsync
00:26:10  31204   0.398       7   0.121  0.100 fsync
00:26:11  30106   0.382       7   0.102  0.100 fsync
00:26:12  30184   0.383       7   0.101  0.099 fsync
00:26:13  30218   0.383       7   0.101  0.100 fsync
00:26:14  30465   0.384       7   0.101  0.100 fsync
00:26:15  30114   0.382       7   0.101  0.100 fsync
00:26:16  29446   0.375       7   0.101  0.100 fsync
00:26:17  27842   0.500       7   0.242  0.100 fsync
00:26:18  30602   0.385       7   0.102  0.100 fsync
00:26:19  30726   0.388       7   0.102  0.100 fsync
00:26:20  31040   0.388       7   0.102  0.101 fsync
00:26:21  30725   0.390       7   0.102  0.100 fsync
00:26:22  30566   0.387       1   0.100  0.100 fsync
00:26:23  30645   0.388       7   0.102  0.100 fsync
00:26:24  28448   0.362       7   0.102  0.100 fsync
00:26:25  30561   0.483       8   0.202  0.100 fsync
00:26:26  31558   0.394       7   0.102  0.100 fsync
00:26:27  31600   0.393       7   0.102  0.100 fsync
00:26:28  32132   0.397       7   0.102  0.100 fsync
00:26:29  31810   0.398       7   0.102  0.100 fsync
00:26:30  26331   0.494      11   0.141  0.100 fsync
00:26:31  32211   0.402       7   0.101  0.099 fsync
00:26:32  32661   0.402       7   0.101  0.099 fsync
00:26:33  28444   0.370      10   0.099  0.097 fsync
00:26:34  32247   0.498       8   0.200  0.099 fsync
00:26:35  32505   0.401       7   0.102  0.100 fsync
00:26:36  32581   0.393      10   0.082  0.080 fsync
00:26:37  31507   0.395       7   0.101  0.099 fsync
00:26:38  28759   0.482      12   0.202  0.100 fsync
00:26:39  31740   0.400       7   0.101  0.100 fsync
00:26:40  31781   0.397       7   0.101  0.099 fsync
00:26:41  30093   0.437      11   0.141  0.099 fsync
00:26:42  31662   0.404       7   0.105  0.103 fsync
00:26:43  32696   0.398       7   0.101  0.099 fsync
00:26:44  32255   0.423      11   0.131  0.099 fsync
00:26:45  32555   0.405       7   0.109  0.100 fsync
00:26:46  32129   0.403       7   0.105  0.103 fsync
00:26:47  30136   0.421      11   0.127  0.104 fsync
00:26:48  32143   0.399       7   0.105  0.103 fsync
00:26:49  28544   0.471       8   0.208  0.103 fsync
00:26:50  32033   0.404      10   0.092  0.089 fsync
00:26:51  31937   0.400       7   0.101  0.099 fsync
00:26:52  33111   0.401       7   0.104  0.102 fsync
00:26:53  29787   0.454      11   0.164  0.102 fsync
00:26:54  32120   0.403       7   0.104  0.102 fsync
00:26:55  31695   0.396       7   0.104  0.102 fsync
00:26:56   2386   0.097      10   0.080  0.078 fsync
00:26:57   2290   0.006       6   0.002  0.000 fsync
00:26:58   2358   0.006       6   0.002  0.000 fsync
00:26:59   2279   0.005       6   0.002  0.000 fsync
00:27:00   2388   0.007       6   0.002  0.000 fsync
00:27:01   2355   0.006       6   0.002  0.000 fsync
00:27:02   2317   0.006       6   0.002  0.000 fsync
00:27:03   2281   0.006       6   0.002  0.000 fsync
00:27:04   2381   0.006       6   0.002  0.000 fsync
00:27:05   2323   0.006       6   0.002  0.000 fsync
00:27:06   2341   0.005       6   0.002  0.000 fsync
00:27:07   2323   0.006       6   0.002  0.000 fsync
00:27:08   2336   0.006       6   0.002  0.000 fsync
00:27:09   2222   0.005       6   0.002  0.000 fsync
00:27:10   2332   0.006       6   0.002  0.000 fsync
00:27:11   2266   0.005       6   0.002  0.000 fsync
00:27:12   2101   0.003       0   0.000  0.000 write
00:27:13   2182   0.005       6   0.002  0.000 fsync
00:27:14   2285   0.006       6   0.002  0.000 fsync
00:27:15   2313   0.005       6   0.002  0.000 fsync
00:27:16   2322   0.005       6   0.002  0.000 fsync
00:27:17   2255   0.005       6   0.002  0.000 fsync
00:27:18   2397   0.006       6   0.002  0.000 fsync
00:27:19   2330   0.006       6   0.002  0.000 fsync
00:27:20   2319   0.005       6   0.002  0.000 fsync
00:27:21   2385   0.006       6   0.002  0.000 fsync
00:27:22   2287   0.005       6   0.002  0.000 fsync
00:27:23   2353   0.006       6   0.002  0.000 fsync
00:27:24   2381   0.006       6   0.002  0.000 fsync
00:27:25   2273   0.005       6   0.002  0.000 fsync
00:27:26   1251   0.005       6   0.002  0.000 fsync
