00:13:51     16   0.000       0   0.000  0.000 write
00:13:52   1074   0.009       0   0.000  0.001 ioctl
00:13:53    933   0.000       0   0.000  0.000 
00:13:54    933   0.000       0   0.000  0.000 
00:13:55    933   0.000       0   0.000  0.000 
00:13:56    933   0.000       0   0.000  0.000 
00:13:57    933   0.000       0   0.000  0.000 
00:13:58    933   0.000       0   0.000  0.000 
00:13:59    934   0.000       0   0.000  0.000 
00:14:00    933   0.000       0   0.000  0.000 
00:14:01    933   0.000       0   0.000  0.000 
00:14:02    933   0.000       0   0.000  0.000 
00:14:03    933   0.000       0   0.000  0.000 
00:14:04    933   0.000       0   0.000  0.000 
00:14:05    933   0.000       0   0.000  0.000 
00:14:06    933   0.000       0   0.000  0.000 
00:14:07    933   0.000       0   0.000  0.000 
00:14:08    933   0.000       0   0.000  0.000 
00:14:09    933   0.000       0   0.000  0.000 
00:14:10    933   0.000       0   0.000  0.000 
00:14:11    933   0.000       0   0.000  0.000 
00:14:12    933   0.000       0   0.000  0.000 
00:14:13    933   0.000       0   0.000  0.000 
00:14:14    933   0.000       0   0.000  0.000 
00:14:15    933   0.000       0   0.000  0.000 
00:14:16    933   0.000       0   0.000  0.000 
00:14:17    934   0.000       0   0.000  0.000 
00:14:18    934   0.000       0   0.000  0.000 
00:14:19    933   0.000       0   0.000  0.000 
00:14:20    933   0.000       0   0.000  0.000 
00:14:21    933   0.000       0   0.000  0.000 
00:14:22    933   0.000       0   0.000  0.000 
00:14:23    933   0.000       0   0.000  0.000 
00:14:24    932   0.000       0   0.000  0.000 
00:14:25    933   0.000       0   0.000  0.000 
00:14:26    933   0.000       0   0.000  0.000 
00:14:27    933   0.000       0   0.000  0.000 
00:14:28    933   0.000       0   0.000  0.000 
00:14:29    933   0.000       0   0.000  0.000 
00:14:30    933   0.000       0   0.000  0.000 
00:14:31    932   0.000       0   0.000  0.000 
00:14:32    933   0.000       0   0.000  0.000 
00:14:33    933   0.000       0   0.000  0.000 
00:14:34    933   0.000       0   0.000  0.000 
00:14:35    933   0.000       0   0.000  0.000 
00:14:36    932   0.000       0   0.000  0.000 
00:14:37    933   0.000       0   0.000  0.000 
00:14:38    933   0.000       0   0.000  0.000 
00:14:39    934   0.000       0   0.000  0.000 
00:14:40    933   0.000       0   0.000  0.000 
00:14:41    933   0.000       0   0.000  0.000 
00:14:42    933   0.000       0   0.000  0.000 
00:14:43    934   0.000       0   0.000  0.000 
00:14:44    933   0.000       0   0.000  0.000 
00:14:45    933   0.000       0   0.000  0.000 
00:14:46    933   0.000       0   0.000  0.000 
00:14:47    933   0.000       0   0.000  0.000 
00:14:48    933   0.000       0   0.000  0.000 
00:14:49    933   0.000       0   0.000  0.000 
00:14:50    933   0.000       0   0.000  0.000 
00:14:51    933   0.000       0   0.000  0.000 
00:14:52    933   0.000       0   0.000  0.000 
00:14:53    933   0.000       0   0.000  0.000 
00:14:54    933   0.000       0   0.000  0.000 
00:14:55    933   0.000       0   0.000  0.000 
00:14:56    933   0.000       0   0.000  0.000 
00:14:57    932   0.000       0   0.000  0.000 
00:14:58    933   0.000       0   0.000  0.000 
00:14:59    933   0.000       0   0.000  0.000 
00:15:00    933   0.000       0   0.000  0.000 
00:15:01    933   0.000       0   0.000  0.000 
00:15:02    933   0.000       0   0.000  0.000 
00:15:03    933   0.000       0   0.000  0.000 
00:15:04    933   0.000       0   0.000  0.000 
00:15:05    933   0.000       0   0.000  0.000 
00:15:06    934   0.000       0   0.000  0.000 
00:15:07    933   0.000       0   0.000  0.000 
00:15:08    933   0.000       0   0.000  0.000 
00:15:09    934   0.000       0   0.000  0.000 
00:15:10    933   0.000       0   0.000  0.000 
00:15:11    933   0.000       0   0.000  0.000 
00:15:12    934   0.000       0   0.000  0.000 
00:15:13    934   0.000       0   0.000  0.000 
00:15:14    933   0.000       0   0.000  0.000 
00:15:15    933   0.000       0   0.000  0.000 
00:15:16    933   0.000       0   0.000  0.000 
00:15:17    933   0.000       0   0.000  0.000 
00:15:18    933   0.000       0   0.000  0.000 
00:15:19    933   0.000       0   0.000  0.000 
00:15:20    933   0.000       0   0.000  0.000 
00:15:21    928   0.000       0   0.000  0.000 
00:15:22    932   0.000       0   0.000  0.000 
00:15:23    932   0.000       0   0.000  0.000 
00:15:24    931   0.000       0   0.000  0.000 
00:15:25    932   0.000       0   0.000  0.000 
00:15:26    931   0.000       0   0.000  0.000 
00:15:27    932   0.000       0   0.000  0.000 
00:15:28    931   0.000       0   0.000  0.000 
00:15:29    931   0.000       0   0.000  0.000 
00:15:30    932   0.000       0   0.000  0.000 
00:15:31    931   0.000       0   0.000  0.000 
00:15:32    933   0.000       0   0.000  0.000 
00:15:33    933   0.000       0   0.000  0.000 
00:15:34    934   0.000       0   0.000  0.000 
00:15:35    934   0.000       0   0.000  0.000 
00:15:36    934   0.000       0   0.000  0.000 
00:15:37    934   0.000       0   0.000  0.000 
00:15:38    934   0.000       0   0.000  0.000 
00:15:39    933   0.000       0   0.000  0.000 
00:15:40    934   0.000       0   0.000  0.000 
00:15:41    934   0.000       0   0.000  0.000 
00:15:42    934   0.000       0   0.000  0.000 
00:15:43    934   0.000       0   0.000  0.000 
00:15:44    933   0.000       0   0.000  0.000 
00:15:45    934   0.000       0   0.000  0.000 
00:15:46    934   0.000       0   0.000  0.000 
00:15:47    933   0.000       0   0.000  0.000 
00:15:48    934   0.000       0   0.000  0.000 
00:15:49    931   0.000       0   0.000  0.000 
00:15:50    929   0.000       0   0.000  0.000 
00:15:51    933   0.000       0   0.000  0.000 
00:15:52    932   0.000       0   0.000  0.000 
00:15:53    933   0.000       0   0.000  0.000 
00:15:54    933   0.000       0   0.000  0.000 
00:15:55    933   0.000       0   0.000  0.000 
00:15:56    934   0.000       0   0.000  0.000 
00:15:57    934   0.000       0   0.000  0.000 
00:15:58    933   0.000       0   0.000  0.000 
00:15:59    933   0.000       0   0.000  0.000 
00:16:00    932   0.000       0   0.000  0.000 
00:16:01    932   0.000       0   0.000  0.000 
00:16:02    930   0.000       0   0.000  0.000 
00:16:03    929   0.000       0   0.000  0.000 
00:16:04    927   0.000       0   0.000  0.000 
00:16:05    930   0.000       0   0.000  0.000 
00:16:06    933   0.000       0   0.000  0.000 
00:16:07    932   0.000       0   0.000  0.000 
00:16:08    931   0.000       0   0.000  0.000 
00:16:09    932   0.000       0   0.000  0.000 
00:16:10    931   0.000       0   0.000  0.000 
00:16:11    932   0.000       0   0.000  0.000 
00:16:12    931   0.000       0   0.000  0.000 
00:16:13    933   0.000       0   0.000  0.000 
00:16:14    933   0.000       0   0.000  0.000 
00:16:15    933   0.000       0   0.000  0.000 
00:16:16    933   0.000       0   0.000  0.000 
00:16:17    934   0.000       0   0.000  0.000 
00:16:18    932   0.000       0   0.000  0.000 
00:16:19    931   0.000       0   0.000  0.000 
00:16:20    929   0.000       0   0.000  0.000 
00:16:21    933   0.000       0   0.000  0.000 
00:16:22    930   0.000       0   0.000  0.000 
00:16:23    930   0.000       0   0.000  0.000 
00:16:24    932   0.000       0   0.000  0.000 
00:16:25    933   0.000       0   0.000  0.000 
00:16:26    934   0.000       0   0.000  0.000 
00:16:27    935   0.000       0   0.000  0.000 
00:16:28    934   0.000       0   0.000  0.000 
00:16:29    935   0.000       0   0.000  0.000 
00:16:30    935   0.000       0   0.000  0.000 
00:16:31    935   0.000       0   0.000  0.000 
00:16:32    935   0.000       0   0.000  0.000 
00:16:33    932   0.000       0   0.000  0.000 
00:16:34    932   0.000       0   0.000  0.000 
00:16:35    932   0.000       0   0.000  0.000 
00:16:36    933   0.000       0   0.000  0.000 
00:16:37    934   0.000       0   0.000  0.000 
00:16:38    932   0.000       0   0.000  0.000 
00:16:39    933   0.000       0   0.000  0.000 
00:16:40    933   0.000       0   0.000  0.000 
00:16:41    934   0.000       0   0.000  0.000 
00:16:42    933   0.000       0   0.000  0.000 
00:16:43    934   0.000       0   0.000  0.000 
00:16:44    934   0.000       0   0.000  0.000 
00:16:45    932   0.000       0   0.000  0.000 
00:16:46    933   0.000       0   0.000  0.000 
00:16:47    933   0.000       0   0.000  0.000 
00:16:48    934   0.000       0   0.000  0.000 
00:16:49    933   0.000       0   0.000  0.000 
00:16:50    933   0.000       0   0.000  0.000 
00:16:51    932   0.000       0   0.000  0.000 
00:16:52    932   0.000       0   0.000  0.000 
00:16:53    934   0.000       0   0.000  0.000 
00:16:54    932   0.000       0   0.000  0.000 
00:16:55    933   0.000       0   0.000  0.000 
00:16:56    933   0.000       0   0.000  0.000 
00:16:57    933   0.000       0   0.000  0.000 
00:16:58    934   0.000       0   0.000  0.000 
00:16:59    933   0.000       0   0.000  0.000 
00:17:00    935   0.000       0   0.000  0.000 
00:17:01    932   0.000       0   0.000  0.000 
00:17:02    934   0.000       0   0.000  0.000 
00:17:03    933   0.000       0   0.000  0.000 
00:17:04    933   0.000       0   0.000  0.000 
00:17:05    933   0.000       0   0.000  0.000 
00:17:06    934   0.000       0   0.000  0.000 
00:17:07    933   0.000       0   0.000  0.000 
00:17:08    933   0.000       0   0.000  0.000 
00:17:09    933   0.000       0   0.000  0.000 
00:17:10    933   0.000       0   0.000  0.000 
00:17:11    932   0.000       0   0.000  0.000 
00:17:12    934   0.000       0   0.000  0.000 
00:17:13    934   0.000       0   0.000  0.000 
00:17:14    933   0.000       0   0.000  0.000 
00:17:15    933   0.000       0   0.000  0.000 
00:17:16    934   0.000       0   0.000  0.000 
00:17:17    933   0.000       0   0.000  0.000 
00:17:18    933   0.000       0   0.000  0.000 
00:17:19    933   0.000       0   0.000  0.000 
00:17:20    934   0.000       0   0.000  0.000 
00:17:21    934   0.000       0   0.000  0.000 
00:17:22    933   0.000       0   0.000  0.000 
00:17:23    933   0.000       0   0.000  0.000 
00:17:24    934   0.000       0   0.000  0.000 
00:17:25    934   0.000       0   0.000  0.000 
00:17:26    933   0.000       0   0.000  0.000 
00:17:27    933   0.000       0   0.000  0.000 
00:17:28    933   0.000       0   0.000  0.000 
00:17:29    934   0.000       0   0.000  0.000 
00:17:30    934   0.000       0   0.000  0.000 
00:17:31    933   0.000       0   0.000  0.000 
00:17:32    934   0.000       0   0.000  0.000 
00:17:33    932   0.000       0   0.000  0.000 
00:17:34    934   0.000       0   0.000  0.000 
00:17:35    932   0.000       0   0.000  0.000 
00:17:36    932   0.000       0   0.000  0.000 
00:17:37    932   0.000       0   0.000  0.000 
00:17:38    932   0.000       0   0.000  0.000 
00:17:39    932   0.000       0   0.000  0.000 
00:17:40    933   0.000       0   0.000  0.000 
00:17:41    932   0.000       0   0.000  0.000 
00:17:42    931   0.000       0   0.000  0.000 
00:17:43    932   0.000       0   0.000  0.000 
00:17:44    931   0.000       0   0.000  0.000 
00:17:45    932   0.000       0   0.000  0.000 
00:17:46    932   0.000       0   0.000  0.000 
00:17:47    931   0.000       0   0.000  0.000 
00:17:48    931   0.000       0   0.000  0.000 
00:17:49    932   0.000       0   0.000  0.000 
00:17:50    933   0.000       0   0.000  0.000 
00:17:51    932   0.000       0   0.000  0.000 
00:17:52    933   0.000       0   0.000  0.000 
00:17:53    932   0.000       0   0.000  0.000 
00:17:54    933   0.000       0   0.000  0.000 
00:17:55    933   0.000       0   0.000  0.000 
00:17:56    932   0.000       0   0.000  0.000 
00:17:57    933   0.000       0   0.000  0.000 
00:17:58    932   0.000       0   0.000  0.000 
00:17:59    933   0.000       0   0.000  0.000 
00:18:00    932   0.000       0   0.000  0.000 
00:18:01    933   0.000       0   0.000  0.000 
00:18:02    932   0.000       0   0.000  0.000 
00:18:03    933   0.000       0   0.000  0.000 
00:18:04    933   0.000       0   0.000  0.000 
00:18:05    933   0.000       0   0.000  0.000 
00:18:06    933   0.000       0   0.000  0.000 
00:18:07    932   0.000       0   0.000  0.000 
00:18:08    933   0.000       0   0.000  0.000 
00:18:09    933   0.000       0   0.000  0.000 
00:18:10    933   0.000       0   0.000  0.000 
00:18:11    933   0.000       0   0.000  0.000 
00:18:12    933   0.000       0   0.000  0.000 
00:18:13    933   0.000       0   0.000  0.000 
00:18:14    933   0.000       0   0.000  0.000 
00:18:15    933   0.000       0   0.000  0.000 
00:18:16    932   0.000       0   0.000  0.000 
00:18:17    934   0.000       0   0.000  0.000 
00:18:18    933   0.000       0   0.000  0.000 
00:18:19    933   0.000       0   0.000  0.000 
00:18:20    933   0.000       0   0.000  0.000 
00:18:21    932   0.000       0   0.000  0.000 
00:18:22    933   0.000       0   0.000  0.000 
00:18:23    933   0.000       0   0.000  0.000 
00:18:24    933   0.000       0   0.000  0.000 
00:18:25    932   0.000       0   0.000  0.000 
00:18:26    933   0.000       0   0.000  0.000 
00:18:27    933   0.000       0   0.000  0.000 
00:18:28    933   0.000       0   0.000  0.000 
00:18:29    931   0.000       0   0.000  0.000 
00:18:30    932   0.000       0   0.000  0.000 
00:18:31    932   0.000       0   0.000  0.000 
00:18:32    932   0.000       0   0.000  0.000 
00:18:33    932   0.000       0   0.000  0.000 
00:18:34    932   0.000       0   0.000  0.000 
00:18:35    933   0.000       0   0.000  0.000 
00:18:36    932   0.000       0   0.000  0.000 
00:18:37    932   0.000       0   0.000  0.000 
00:18:38    933   0.000       0   0.000  0.000 
00:18:39    932   0.000       0   0.000  0.000 
00:18:40    932   0.000       0   0.000  0.000 
00:18:41    933   0.000       0   0.000  0.000 
00:18:42    932   0.000       0   0.000  0.000 
00:18:43    932   0.000       0   0.000  0.000 
00:18:44    932   0.000       0   0.000  0.000 
00:18:45    933   0.000       0   0.000  0.000 
00:18:46    932   0.000       0   0.000  0.000 
00:18:47    933   0.000       0   0.000  0.000 
00:18:48    933   0.000       0   0.000  0.000 
00:18:49    933   0.000       0   0.000  0.000 
00:18:50    932   0.000       0   0.000  0.000 
00:18:51    933   0.000       0   0.000  0.000 
00:18:52    932   0.000       0   0.000  0.000 
00:18:53    932   0.000       0   0.000  0.000 
00:18:54    933   0.000       0   0.000  0.000 
00:18:55    931   0.000       0   0.000  0.000 
00:18:56    933   0.000       0   0.000  0.000 
00:18:57    932   0.000       0   0.000  0.000 
00:18:58    932   0.000       0   0.000  0.000 
00:18:59    931   0.000       0   0.000  0.000 
00:19:00    932   0.000       0   0.000  0.000 
00:19:01    932   0.000       0   0.000  0.000 
00:19:02    930   0.000       0   0.000  0.000 
00:19:03    932   0.000       0   0.000  0.000 
00:19:04    931   0.000       0   0.000  0.000 
00:19:05    932   0.000       0   0.000  0.000 
00:19:06    931   0.000       0   0.000  0.000 
00:19:07    931   0.000       0   0.000  0.000 
00:19:08    931   0.000       0   0.000  0.000 
00:19:09    932   0.000       0   0.000  0.000 
00:19:10    931   0.000       0   0.000  0.000 
00:19:11    932   0.000       0   0.000  0.000 
00:19:12    931   0.000       0   0.000  0.000 
00:19:13    931   0.000       0   0.000  0.000 
00:19:14    931   0.000       0   0.000  0.000 
00:19:15    932   0.000       0   0.000  0.000 
00:19:16    930   0.000       0   0.000  0.000 
00:19:17    931   0.000       0   0.000  0.000 
00:19:18    931   0.000       0   0.000  0.000 
00:19:19    931   0.000       0   0.000  0.000 
00:19:20    931   0.000       0   0.000  0.000 
00:19:21    931   0.000       0   0.000  0.000 
00:19:22    931   0.000       0   0.000  0.000 
00:19:23    931   0.000       0   0.000  0.000 
00:19:24    931   0.000       0   0.000  0.000 
00:19:25    932   0.000       0   0.000  0.000 
00:19:26    931   0.000       0   0.000  0.000 
00:19:27    931   0.000       0   0.000  0.000 
00:19:28    931   0.000       0   0.000  0.000 
00:19:29    932   0.000       0   0.000  0.000 
00:19:30    931   0.000       0   0.000  0.000 
00:19:31    931   0.000       0   0.000  0.000 
00:19:32    931   0.000       0   0.000  0.000 
00:19:33    931   0.000       0   0.000  0.000 
00:19:34    931   0.000       0   0.000  0.000 
00:19:35    931   0.000       0   0.000  0.000 
00:19:36    932   0.000       0   0.000  0.000 
00:19:37    931   0.000       0   0.000  0.000 
00:19:38    931   0.000       0   0.000  0.000 
00:19:39    929   0.000       0   0.000  0.000 
00:19:40    930   0.000       0   0.000  0.000 
00:19:41    932   0.000       0   0.000  0.000 
00:19:42    932   0.000       0   0.000  0.000 
00:19:43    932   0.000       0   0.000  0.000 
00:19:44    931   0.000       0   0.000  0.000 
00:19:45    932   0.000       0   0.000  0.000 
00:19:46    932   0.000       0   0.000  0.000 
00:19:47    932   0.000       0   0.000  0.000 
00:19:48    931   0.000       0   0.000  0.000 
00:19:49    932   0.000       0   0.000  0.000 
00:19:50    931   0.000       0   0.000  0.000 
00:19:51    929   0.000       0   0.000  0.000 
00:19:52    932   0.000       0   0.000  0.000 
00:19:53    930   0.000       0   0.000  0.000 
00:19:54    927   0.000       0   0.000  0.000 
00:19:55    929   0.000       0   0.000  0.000 
00:19:56    930   0.000       0   0.000  0.000 
00:19:57    929   0.000       0   0.000  0.000 
00:19:58    928   0.000       0   0.000  0.000 
00:19:59    929   0.000       0   0.000  0.000 
00:20:00    933   0.000       0   0.000  0.000 
00:20:01    932   0.000       0   0.000  0.000 
00:20:02    931   0.000       0   0.000  0.000 
00:20:03    932   0.000       0   0.000  0.000 
00:20:04    932   0.000       0   0.000  0.000 
00:20:05    932   0.000       0   0.000  0.000 
00:20:06    932   0.000       0   0.000  0.000 
00:20:07    932   0.000       0   0.000  0.000 
00:20:08    932   0.000       0   0.000  0.000 
00:20:09    932   0.000       0   0.000  0.000 
00:20:10    931   0.000       0   0.000  0.000 
00:20:11    931   0.000       0   0.000  0.000 
00:20:12    929   0.000       0   0.000  0.000 
00:20:13    931   0.000       0   0.000  0.000 
00:20:14    931   0.000       0   0.000  0.000 
00:20:15    932   0.000       0   0.000  0.000 
00:20:16    931   0.000       0   0.000  0.000 
00:20:17    931   0.000       0   0.000  0.000 
00:20:18    929   0.000       0   0.000  0.000 
00:20:19    930   0.000       0   0.000  0.000 
00:20:20    928   0.000       0   0.000  0.000 
00:20:21    928   0.000       0   0.000  0.000 
00:20:22    929   0.000       0   0.000  0.000 
00:20:23    930   0.000       0   0.000  0.000 
00:20:24    931   0.000       0   0.000  0.000 
00:20:25    931   0.000       0   0.000  0.000 
00:20:26    931   0.000       0   0.000  0.000 
00:20:27    929   0.000       0   0.000  0.000 
00:20:28    929   0.000       0   0.000  0.000 
00:20:29    930   0.000       0   0.000  0.000 
00:20:30    929   0.000       0   0.000  0.000 
00:20:31    931   0.000       0   0.000  0.000 
00:20:32    931   0.000       0   0.000  0.000 
00:20:33    931   0.000       0   0.000  0.000 
00:20:34    930   0.000       0   0.000  0.000 
00:20:35    929   0.000       0   0.000  0.000 
00:20:36    931   0.000       0   0.000  0.000 
00:20:37    930   0.000       0   0.000  0.000 
00:20:38    929   0.000       0   0.000  0.000 
00:20:39    930   0.000       0   0.000  0.000 
00:20:40    930   0.000       0   0.000  0.000 
00:20:41    926   0.000       0   0.000  0.000 
00:20:42    929   0.000       0   0.000  0.000 
00:20:43    928   0.000       0   0.000  0.000 
00:20:44    932   0.000       0   0.000  0.000 
00:20:45    931   0.000       0   0.000  0.000 
00:20:46    931   0.000       0   0.000  0.000 
00:20:47    932   0.000       0   0.000  0.000 
00:20:48    931   0.000       0   0.000  0.000 
00:20:49    927   0.000       0   0.000  0.000 
00:20:50    928   0.000       0   0.000  0.000 
00:20:51    932   0.000       0   0.000  0.000 
00:20:52    932   0.000       0   0.000  0.000 
00:20:53    931   0.000       0   0.000  0.000 
00:20:54    932   0.000       0   0.000  0.000 
00:20:55    932   0.000       0   0.000  0.000 
00:20:56    932   0.000       0   0.000  0.000 
00:20:57    933   0.000       0   0.000  0.000 
00:20:58    934   0.000       0   0.000  0.000 
00:20:59    933   0.000       0   0.000  0.000 
00:21:00    933   0.000       0   0.000  0.000 
00:21:01    932   0.000       0   0.000  0.000 
00:21:02    932   0.000       0   0.000  0.000 
00:21:03    934   0.000       0   0.000  0.000 
00:21:04    934   0.000       0   0.000  0.000 
00:21:05    933   0.000       0   0.000  0.000 
00:21:06    933   0.000       0   0.000  0.000 
00:21:07    932   0.000       0   0.000  0.000 
00:21:08    934   0.000       0   0.000  0.000 
00:21:09    934   0.000       0   0.000  0.000 
00:21:10    934   0.000       0   0.000  0.000 
00:21:11    932   0.000       0   0.000  0.000 
00:21:12    934   0.000       0   0.000  0.000 
00:21:13    930   0.000       0   0.000  0.000 
00:21:14    932   0.000       0   0.000  0.000 
00:21:15    932   0.000       0   0.000  0.000 
00:21:16    932   0.000       0   0.000  0.000 
00:21:17    933   0.000       0   0.000  0.000 
00:21:18    932   0.000       0   0.000  0.000 
00:21:19    934   0.000       0   0.000  0.000 
00:21:20    932   0.000       0   0.000  0.000 
00:21:21    934   0.000       0   0.000  0.000 
00:21:22    932   0.000       0   0.000  0.000 
00:21:23    932   0.000       0   0.000  0.000 
00:21:24    931   0.000       0   0.000  0.000 
00:21:25    932   0.000       0   0.000  0.000 
00:21:26    932   0.000       0   0.000  0.000 
00:21:27    932   0.000       0   0.000  0.000 
00:21:28    928   0.000       0   0.000  0.000 
00:21:29    932   0.000       0   0.000  0.000 
00:21:30    932   0.000       0   0.000  0.000 
00:21:31    931   0.000       0   0.000  0.000 
00:21:32    931   0.000       0   0.000  0.000 
00:21:33    931   0.000       0   0.000  0.000 
00:21:34    931   0.000       0   0.000  0.000 
00:21:35    931   0.000       0   0.000  0.000 
00:21:36    929   0.000       0   0.000  0.000 
00:21:37    930   0.000       0   0.000  0.000 
00:21:38    931   0.000       0   0.000  0.000 
00:21:39    931   0.000       0   0.000  0.000 
00:21:40    930   0.000       0   0.000  0.000 
00:21:41    930   0.000       0   0.000  0.000 
00:21:42    931   0.000       0   0.000  0.000 
00:21:43    932   0.000       0   0.000  0.000 
00:21:44    933   0.000       0   0.000  0.000 
00:21:45    932   0.000       0   0.000  0.000 
00:21:46    932   0.000       0   0.000  0.000 
00:21:47    932   0.000       0   0.000  0.000 
00:21:48    933   0.000       0   0.000  0.000 
00:21:49    931   0.000       0   0.000  0.000 
00:21:50    932   0.000       0   0.000  0.000 
00:21:51    932   0.000       0   0.000  0.000 
00:21:52    933   0.000       0   0.000  0.000 
00:21:53    932   0.000       0   0.000  0.000 
00:21:54    932   0.000       0   0.000  0.000 
00:21:55    932   0.000       0   0.000  0.000 
00:21:56    933   0.000       0   0.000  0.000 
00:21:57    932   0.000       0   0.000  0.000 
00:21:58    932   0.000       0   0.000  0.000 
00:21:59    933   0.000       0   0.000  0.000 
00:22:00    932   0.000       0   0.000  0.000 
00:22:01    932   0.000       0   0.000  0.000 
00:22:02    930   0.000       0   0.000  0.000 
00:22:03    931   0.000       0   0.000  0.000 
00:22:04    931   0.000       0   0.000  0.000 
00:22:05    932   0.000       0   0.000  0.000 
00:22:06    932   0.000       0   0.000  0.000 
00:22:07    933   0.000       0   0.000  0.000 
00:22:08    931   0.000       0   0.000  0.000 
00:22:09    932   0.000       0   0.000  0.000 
00:22:10    931   0.000       0   0.000  0.000 
00:22:11    929   0.000       0   0.000  0.000 
00:22:12    932   0.000       0   0.000  0.000 
00:22:13    932   0.000       0   0.000  0.000 
00:22:14    932   0.000       0   0.000  0.000 
00:22:15    931   0.000       0   0.000  0.000 
00:22:16    932   0.000       0   0.000  0.000 
00:22:17    932   0.000       0   0.000  0.000 
00:22:18    932   0.000       0   0.000  0.000 
00:22:19    933   0.000       0   0.000  0.000 
00:22:20    932   0.000       0   0.000  0.000 
00:22:21    932   0.000       0   0.000  0.000 
00:22:22    932   0.000       0   0.000  0.000 
00:22:23    934   0.000       0   0.000  0.000 
00:22:24    932   0.000       0   0.000  0.000 
00:22:25    933   0.000       0   0.000  0.000 
00:22:26    935   0.000       0   0.000  0.000 
00:22:27    934   0.000       0   0.000  0.000 
00:22:28    935   0.000       0   0.000  0.000 
00:22:29    934   0.000       0   0.000  0.000 
00:22:30    932   0.000       0   0.000  0.000 
00:22:31    933   0.000       0   0.000  0.000 
00:22:32    932   0.000       0   0.000  0.000 
00:22:33    931   0.000       0   0.000  0.000 
00:22:34    932   0.000       0   0.000  0.000 
00:22:35    932   0.000       0   0.000  0.000 
00:22:36    931   0.000       0   0.000  0.000 
00:22:37    933   0.000       0   0.000  0.000 
00:22:38    932   0.000       0   0.000  0.000 
00:22:39    933   0.000       0   0.000  0.000 
00:22:40    932   0.000       0   0.000  0.000 
00:22:41    931   0.000       0   0.000  0.000 
00:22:42    930   0.000       0   0.000  0.000 
00:22:43    927   0.000       0   0.000  0.000 
00:22:44    932   0.000       0   0.000  0.000 
00:22:45    931   0.000       0   0.000  0.000 
00:22:46    933   0.000       0   0.000  0.000 
00:22:47    933   0.000       0   0.000  0.000 
00:22:48    933   0.000       0   0.000  0.000 
00:22:49    933   0.000       0   0.000  0.000 
00:22:50    934   0.000       0   0.000  0.000 
00:22:51    935   0.000       0   0.000  0.000 
00:22:52    935   0.000       0   0.000  0.000 
00:22:53    934   0.000       0   0.000  0.000 
00:22:54    933   0.000       0   0.000  0.000 
00:22:55    932   0.000       0   0.000  0.000 
00:22:56    932   0.000       0   0.000  0.000 
00:22:57    932   0.000       0   0.000  0.000 
00:22:58    932   0.000       0   0.000  0.000 
00:22:59    932   0.000       0   0.000  0.000 
00:23:00    932   0.000       0   0.000  0.000 
00:23:01    932   0.000       0   0.000  0.000 
00:23:02    931   0.000       0   0.000  0.000 
00:23:03    932   0.000       0   0.000  0.000 
00:23:04    932   0.000       0   0.000  0.000 
00:23:05    932   0.000       0   0.000  0.000 
00:23:06    932   0.000       0   0.000  0.000 
00:23:07    932   0.000       0   0.000  0.000 
00:23:08    932   0.000       0   0.000  0.000 
00:23:09    933   0.000       0   0.000  0.000 
00:23:10    932   0.000       0   0.000  0.000 
00:23:11    932   0.000       0   0.000  0.000 
00:23:12    932   0.000       0   0.000  0.000 
00:23:13    931   0.000       0   0.000  0.000 
00:23:14    932   0.000       0   0.000  0.000 
00:23:15    932   0.000       0   0.000  0.000 
00:23:16    933   0.000       0   0.000  0.000 
00:23:17    932   0.000       0   0.000  0.000 
00:23:18    932   0.000       0   0.000  0.000 
00:23:19    933   0.000       0   0.000  0.000 
00:23:20    933   0.000       0   0.000  0.000 
00:23:21    932   0.000       0   0.000  0.000 
00:23:22    933   0.000       0   0.000  0.000 
00:23:23    932   0.000       0   0.000  0.000 
00:23:24    932   0.000       0   0.000  0.000 
00:23:25    933   0.000       0   0.000  0.000 
00:23:26    932   0.000       0   0.000  0.000 
00:23:27    932   0.000       0   0.000  0.000 
00:23:28    932   0.000       0   0.000  0.000 
00:23:29    933   0.000       0   0.000  0.000 
00:23:30    932   0.000       0   0.000  0.000 
00:23:31    933   0.000       0   0.000  0.000 
00:23:32    932   0.000       0   0.000  0.000 
00:23:33    933   0.000       0   0.000  0.000 
00:23:34    932   0.000       0   0.000  0.000 
00:23:35    933   0.000       0   0.000  0.000 
00:23:36    932   0.000       0   0.000  0.000 
00:23:37    932   0.000       0   0.000  0.000 
00:23:38    933   0.000       0   0.000  0.000 
00:23:39    932   0.000       0   0.000  0.000 
00:23:40    933   0.000       0   0.000  0.000 
00:23:41    932   0.000       0   0.000  0.000 
00:23:42    933   0.000       0   0.000  0.000 
00:23:43    932   0.000       0   0.000  0.000 
00:23:44    932   0.000       0   0.000  0.000 
00:23:45    932   0.000       0   0.000  0.000 
00:23:46    933   0.000       0   0.000  0.000 
00:23:47    932   0.000       0   0.000  0.000 
00:23:48    932   0.000       0   0.000  0.000 
00:23:49    932   0.000       0   0.000  0.000 
00:23:50    933   0.000       0   0.000  0.000 
00:23:51    932   0.000       0   0.000  0.000 
00:23:52    933   0.000       0   0.000  0.000 
00:23:53    932   0.000       0   0.000  0.000 
00:23:54    932   0.000       0   0.000  0.000 
00:23:55    933   0.000       0   0.000  0.000 
00:23:56    932   0.000       0   0.000  0.000 
00:23:57    933   0.000       0   0.000  0.000 
00:23:58    932   0.000       0   0.000  0.000 
00:23:59    933   0.000       0   0.000  0.000 
00:24:00    932   0.000       0   0.000  0.000 
00:24:01    933   0.000       0   0.000  0.000 
00:24:02    932   0.000       0   0.000  0.000 
00:24:03    933   0.000       0   0.000  0.000 
00:24:04    932   0.000       0   0.000  0.000 
00:24:05    932   0.000       0   0.000  0.000 
00:24:06    932   0.000       0   0.000  0.000 
00:24:07    933   0.000       0   0.000  0.000 
00:24:08    933   0.000       0   0.000  0.000 
00:24:09    932   0.000       0   0.000  0.000 
00:24:10    933   0.000       0   0.000  0.000 
00:24:11    932   0.000       0   0.000  0.000 
00:24:12    932   0.000       0   0.000  0.000 
00:24:13    933   0.000       0   0.000  0.000 
00:24:14    932   0.000       0   0.000  0.000 
00:24:15    933   0.000       0   0.000  0.000 
00:24:16    932   0.000       0   0.000  0.000 
00:24:17    932   0.000       0   0.000  0.000 
00:24:18    933   0.000       0   0.000  0.000 
00:24:19    933   0.000       0   0.000  0.000 
00:24:20    933   0.000       0   0.000  0.000 
00:24:21    933   0.000       0   0.000  0.000 
00:24:22    932   0.000       0   0.000  0.000 
00:24:23    932   0.000       0   0.000  0.000 
00:24:24    933   0.000       0   0.000  0.000 
00:24:25    932   0.000       0   0.000  0.000 
00:24:26    933   0.000       0   0.000  0.000 
00:24:27    933   0.000       0   0.000  0.000 
00:24:28    932   0.000       0   0.000  0.000 
00:24:29    933   0.000       0   0.000  0.000 
00:24:30    933   0.000       0   0.000  0.000 
00:24:31    932   0.000       0   0.000  0.000 
00:24:32    933   0.000       0   0.000  0.000 
00:24:33    933   0.000       0   0.000  0.000 
00:24:34    932   0.000       0   0.000  0.000 
00:24:35    933   0.000       0   0.000  0.000 
00:24:36    933   0.000       0   0.000  0.000 
00:24:37    932   0.000       0   0.000  0.000 
00:24:38    933   0.000       0   0.000  0.000 
00:24:39    933   0.000       0   0.000  0.000 
00:24:40    933   0.000       0   0.000  0.000 
00:24:41    933   0.000       0   0.000  0.000 
00:24:42    932   0.000       0   0.000  0.000 
00:24:43    933   0.000       0   0.000  0.000 
00:24:44    933   0.000       0   0.000  0.000 
00:24:45    932   0.000       0   0.000  0.000 
00:24:46    933   0.000       0   0.000  0.000 
00:24:47    933   0.000       0   0.000  0.000 
00:24:48    933   0.000       0   0.000  0.000 
00:24:49    933   0.000       0   0.000  0.000 
00:24:50    932   0.000       0   0.000  0.000 
00:24:51    933   0.000       0   0.000  0.000 
00:24:52    933   0.000       0   0.000  0.000 
00:24:53    933   0.000       0   0.000  0.000 
00:24:54    932   0.000       0   0.000  0.000 
00:24:55    933   0.000       0   0.000  0.000 
00:24:56    933   0.000       0   0.000  0.000 
00:24:57    933   0.000       0   0.000  0.000 
00:24:58    932   0.000       0   0.000  0.000 
00:24:59    933   0.000       0   0.000  0.000 
00:25:00    933   0.000       0   0.000  0.000 
00:25:01    933   0.000       0   0.000  0.000 
00:25:02    932   0.000       0   0.000  0.000 
00:25:03    932   0.000       0   0.000  0.000 
00:25:04    932   0.000       0   0.000  0.000 
00:25:05    933   0.000       0   0.000  0.000 
00:25:06    932   0.000       0   0.000  0.000 
00:25:07    932   0.000       0   0.000  0.000 
00:25:08    932   0.000       0   0.000  0.000 
00:25:09    933   0.000       0   0.000  0.000 
00:25:10    932   0.000       0   0.000  0.000 
00:25:11    933   0.000       0   0.000  0.000 
00:25:12    932   0.000       0   0.000  0.000 
00:25:13    932   0.000       0   0.000  0.000 
00:25:14    932   0.000       0   0.000  0.000 
00:25:15    933   0.000       0   0.000  0.000 
00:25:16    933   0.000       0   0.000  0.000 
00:25:17    932   0.000       0   0.000  0.000 
00:25:18    933   0.000       0   0.000  0.000 
00:25:19    932   0.000       0   0.000  0.000 
00:25:20    933   0.000       0   0.000  0.000 
00:25:21    933   0.000       0   0.000  0.000 
00:25:22    932   0.000       0   0.000  0.000 
00:25:23    933   0.000       0   0.000  0.000 
00:25:24    933   0.000       0   0.000  0.000 
00:25:25    932   0.000       0   0.000  0.000 
00:25:26    933   0.000       0   0.000  0.000 
00:25:27    933   0.000       0   0.000  0.000 
00:25:28    932   0.000       0   0.000  0.000 
00:25:29    933   0.000       0   0.000  0.000 
00:25:30    933   0.000       0   0.000  0.000 
00:25:31    932   0.000       0   0.000  0.000 
00:25:32    933   0.000       0   0.000  0.000 
00:25:33    932   0.000       0   0.000  0.000 
00:25:34    933   0.000       0   0.000  0.000 
00:25:35    933   0.000       0   0.000  0.000 
00:25:36    932   0.000       0   0.000  0.000 
00:25:37    933   0.000       0   0.000  0.000 
00:25:38    933   0.000       0   0.000  0.000 
00:25:39    932   0.000       0   0.000  0.000 
00:25:40    933   0.000       0   0.000  0.000 
00:25:41    932   0.000       0   0.000  0.000 
00:25:42    933   0.000       0   0.000  0.000 
00:25:43    933   0.000       0   0.000  0.000 
00:25:44    933   0.000       0   0.000  0.000 
00:25:45    933   0.000       0   0.000  0.000 
00:25:46    932   0.000       0   0.000  0.000 
00:25:47    933   0.000       0   0.000  0.000 
00:25:48    933   0.000       0   0.000  0.000 
00:25:49    932   0.000       0   0.000  0.000 
00:25:50    933   0.000       0   0.000  0.000 
00:25:51    932   0.000       0   0.000  0.000 
00:25:52    933   0.000       0   0.000  0.000 
00:25:53    933   0.000       0   0.000  0.000 
00:25:54    932   0.000       0   0.000  0.000 
00:25:55    932   0.000       0   0.000  0.000 
00:25:56    933   0.000       0   0.000  0.000 
00:25:57    931   0.000       0   0.000  0.000 
00:25:58    932   0.000       0   0.000  0.000 
00:25:59    932   0.000       0   0.000  0.000 
00:26:00    932   0.000       0   0.000  0.000 
00:26:01    931   0.000       0   0.000  0.000 
00:26:02    932   0.000       0   0.000  0.000 
00:26:03    932   0.000       0   0.000  0.000 
00:26:04    932   0.000       0   0.000  0.000 
00:26:05    932   0.000       0   0.000  0.000 
00:26:06    932   0.000       0   0.000  0.000 
00:26:07    931   0.000       0   0.000  0.000 
00:26:08    932   0.000       0   0.000  0.000 
00:26:09    932   0.000       0   0.000  0.000 
00:26:10    932   0.000       0   0.000  0.000 
00:26:11    932   0.000       0   0.000  0.000 
00:26:12    932   0.000       0   0.000  0.000 
00:26:13    932   0.000       0   0.000  0.000 
00:26:14    932   0.000       0   0.000  0.000 
00:26:15    932   0.000       0   0.000  0.000 
00:26:16    932   0.000       0   0.000  0.000 
00:26:17    932   0.000       0   0.000  0.000 
00:26:18    933   0.000       0   0.000  0.000 
00:26:19    932   0.000       0   0.000  0.000 
00:26:20    933   0.000       0   0.000  0.000 
00:26:21    933   0.000       0   0.000  0.000 
00:26:22    932   0.000       0   0.000  0.000 
00:26:23    932   0.000       0   0.000  0.000 
00:26:24    932   0.000       0   0.000  0.000 
00:26:25    931   0.000       0   0.000  0.000 
00:26:26    930   0.000       0   0.000  0.000 
00:26:27    928   0.000       0   0.000  0.000 
00:26:28    932   0.000       0   0.000  0.000 
00:26:29    932   0.000       0   0.000  0.000 
00:26:30    932   0.000       0   0.000  0.000 
00:26:31    932   0.000       0   0.000  0.000 
00:26:32    933   0.000       0   0.000  0.000 
00:26:33    932   0.000       0   0.000  0.000 
00:26:34    932   0.000       0   0.000  0.000 
00:26:35    932   0.000       0   0.000  0.000 
00:26:36    931   0.000       0   0.000  0.000 
00:26:37    932   0.000       0   0.000  0.000 
00:26:38    932   0.000       0   0.000  0.000 
00:26:39    933   0.000       0   0.000  0.000 
00:26:40    932   0.000       0   0.000  0.000 
00:26:41    932   0.000       0   0.000  0.000 
00:26:42    932   0.000       0   0.000  0.000 
00:26:43    934   0.000       0   0.000  0.000 
00:26:44    932   0.000       0   0.000  0.000 
00:26:45    932   0.000       0   0.000  0.000 
00:26:46    932   0.000       0   0.000  0.000 
00:26:47    932   0.000       0   0.000  0.000 
00:26:48    932   0.000       0   0.000  0.000 
00:26:49    932   0.000       0   0.000  0.000 
00:26:50    932   0.000       0   0.000  0.000 
00:26:51    932   0.000       0   0.000  0.000 
00:26:52    932   0.000       0   0.000  0.000 
00:26:53    932   0.000       0   0.000  0.000 
00:26:54    933   0.000       0   0.000  0.000 
00:26:55    932   0.000       0   0.000  0.000 
00:26:56    934   0.000       0   0.000  0.000 
00:26:57    932   0.000       0   0.000  0.000 
00:26:58    934   0.000       0   0.000  0.000 
00:26:59    933   0.000       0   0.000  0.000 
00:27:00    934   0.000       0   0.000  0.000 
00:27:01    934   0.000       0   0.000  0.000 
00:27:02    934   0.000       0   0.000  0.000 
00:27:03    933   0.000       0   0.000  0.000 
00:27:04    933   0.000       0   0.000  0.000 
00:27:05    933   0.000       0   0.000  0.000 
00:27:06    933   0.000       0   0.000  0.000 
00:27:07    933   0.000       0   0.000  0.000 
00:27:08    933   0.000       0   0.000  0.000 
00:27:09    932   0.000       0   0.000  0.000 
00:27:10    933   0.000       0   0.000  0.000 
00:27:11    933   0.000       0   0.000  0.000 
00:27:12    933   0.000       0   0.000  0.000 
00:27:13    932   0.000       0   0.000  0.000 
00:27:14    933   0.000       0   0.000  0.000 
00:27:15    933   0.000       0   0.000  0.000 
00:27:16    932   0.000       0   0.000  0.000 
00:27:17    933   0.000       0   0.000  0.000 
00:27:18    934   0.000       0   0.000  0.000 
00:27:19    933   0.000       0   0.000  0.000 
00:27:20    932   0.000       0   0.000  0.000 
00:27:21    933   0.000       0   0.000  0.000 
00:27:22    933   0.000       0   0.000  0.000 
00:27:23    933   0.000       0   0.000  0.000 
00:27:24    933   0.000       0   0.000  0.000 
00:27:25    933   0.000       0   0.000  0.000 
00:27:26    412   0.000       0   0.000  0.000 
