00:07:15    386   0.000       0   0.000  0.000 ioctl
00:07:16   2068   0.018       9   0.009  0.007 fsync
00:07:17   1743   0.005       1   0.000  0.001 ioctl
00:07:18   1979   0.019       8   0.007  0.005 fsync
00:07:19   3045   0.528       2   0.001  0.258 socket
00:07:20   3332   0.010       0   0.000  0.001 ioctl
00:07:21   3271   0.009       0   0.000  0.000 clone3
00:07:22   3284   0.008       0   0.000  0.000 write
00:07:23   3309   0.008       0   0.000  0.000 clone3
00:07:24   3017   0.006       0   0.000  0.000 write
00:07:25   3278   0.008       0   0.000  0.000 clone3
00:07:26   3250   0.009       0   0.000  0.000 write
00:07:27   3276   0.009       0   0.000  0.000 write
00:07:28   3228   0.009       0   0.000  0.000 write
00:07:29   3248   0.009       0   0.000  0.000 write
00:07:30   3250   0.009       0   0.000  0.000 pread64
00:07:31   3196   0.009       0   0.000  0.000 write
00:07:32   3216   0.009       0   0.000  0.000 fstat
00:07:33   3286   0.009       0   0.000  0.000 write
00:07:34   3216   0.009       0   0.000  0.000 write
00:07:35   3513   0.015       0   0.000  0.001 ioctl
00:07:36   3566   0.018       0   0.000  0.001 ioctl
00:07:37   3159   0.008       0   0.000  0.000 write
00:07:38   3079   0.007       0   0.000  0.000 write
00:07:39   3245   0.009       0   0.000  0.000 write
00:07:40   3231   0.009       0   0.000  0.000 write
00:07:41   3281   0.009       0   0.000  0.000 write
00:07:42   3273   0.009       0   0.000  0.000 write
00:07:43   3297   0.009       0   0.000  0.000 write
00:07:44   3270   0.008       0   0.000  0.000 write
00:07:45   3299   0.009       0   0.000  0.000 write
00:07:46   3271   0.009       0   0.000  0.000 write
00:07:47   3303   0.009       0   0.000  0.000 fstat
00:07:48   3278   0.009       0   0.000  0.000 write
00:07:49   3266   0.009       0   0.000  0.000 write
00:07:50   3215   0.009       0   0.000  0.000 write
00:07:51   3037   0.008       0   0.000  0.000 write
00:07:52   3204   0.008       0   0.000  0.000 write
00:07:53   3298   0.009       0   0.000  0.000 fstat
00:07:54   3269   0.009       0   0.000  0.000 write
00:07:55   3305   0.009       0   0.000  0.000 write
00:07:56   3287   0.009       0   0.000  0.000 write
00:07:57   3293   0.009       0   0.000  0.000 write
00:07:58   3182   0.009       0   0.000  0.000 write
00:07:59   3176   0.009       0   0.000  0.000 write
00:08:00   3207   0.009       0   0.000  0.000 write
00:08:01   3233   0.009       0   0.000  0.000 write
00:08:02   3214   0.009       0   0.000  0.000 write
00:08:03   3250   0.009       0   0.000  0.000 pread64
00:08:04   3165   0.008       0   0.000  0.000 write
00:08:05   3025   0.008       0   0.000  0.000 write
00:08:06   3236   0.009       0   0.000  0.000 write
00:08:07   3245   0.009       0   0.000  0.000 write
00:08:08   3165   0.009       0   0.000  0.000 write
00:08:09   3250   0.009       0   0.000  0.000 write
00:08:10   3209   0.009       0   0.000  0.000 write
00:08:11   3246   0.009       0   0.000  0.000 fstat
00:08:12   3378   0.010       0   0.000  0.000 write
00:08:13   3508   0.012       0   0.000  0.001 ioctl
00:08:14   3414   0.010       0   0.000  0.000 write
00:08:15   3424   0.010       0   0.000  0.000 write
00:08:16   3208   0.009       0   0.000  0.000 write
00:08:17   3177   0.008       0   0.000  0.000 write
00:08:18   2987   0.008       0   0.000  0.000 write
00:08:19   3200   0.009       0   0.000  0.000 write
00:08:20   3214   0.009       0   0.000  0.000 write
00:08:21   3250   0.009       0   0.000  0.000 write
00:08:22   3200   0.009       0   0.000  0.000 write
00:08:23   3250   0.009       0   0.000  0.000 write
00:08:24   3213   0.009       0   0.000  0.000 write
00:08:25   3191   0.009       0   0.000  0.000 write
00:08:26   3150   0.008       0   0.000  0.000 fstat
00:08:27   3244   0.009       0   0.000  0.000 write
00:08:28   3261   0.008       0   0.000  0.000 write
00:08:29   3025   0.007       0   0.000  0.000 write
00:08:30   3011   0.008       0   0.000  0.000 write
00:08:31   3024   0.008       0   0.000  0.000 write
00:08:32   3001   0.008       0   0.000  0.000 write
00:08:33   3002   0.007       0   0.000  0.000 write
00:08:34   2947   0.007       0   0.000  0.000 write
00:08:35   3035   0.008       0   0.000  0.000 write
00:08:36   2989   0.008       0   0.000  0.000 write
00:08:37   3009   0.008       0   0.000  0.000 write
00:08:38   2973   0.007       0   0.000  0.000 write
00:08:39   3011   0.007       0   0.000  0.000 write
00:08:40   3004   0.007       0   0.000  0.000 write
00:08:41   2985   0.007       0   0.000  0.000 write
00:08:42   2930   0.008       0   0.000  0.000 write
00:08:43   3031   0.008       0   0.000  0.000 write
00:08:44   2985   0.008       0   0.000  0.000 write
00:08:45   3025   0.007       0   0.000  0.000 write
00:08:46   2982   0.008       0   0.000  0.000 write
00:08:47   3042   0.008       0   0.000  0.000 write
00:08:48   3009   0.007       0   0.000  0.000 write
00:08:49   2972   0.008       0   0.000  0.000 write
00:08:50   2937   0.007       0   0.000  0.000 write
00:08:51   3027   0.008       0   0.000  0.000 write
00:08:52   2987   0.008       0   0.000  0.000 write
00:08:53   3016   0.008       0   0.000  0.000 write
00:08:54   2997   0.008       0   0.000  0.000 write
00:08:55   3042   0.008       0   0.000  0.000 write
00:08:56   2954   0.008       0   0.000  0.000 write
00:08:57   2967   0.008       0   0.000  0.000 write
00:08:58   2973   0.007       0   0.000  0.000 write
00:08:59   3035   0.007       0   0.000  0.000 write
00:09:00   2989   0.008       0   0.000  0.000 write
00:09:01   3020   0.008       0   0.000  0.000 write
00:09:02   2971   0.008       0   0.000  0.000 write
00:09:03   2970   0.008       0   0.000  0.000 write
00:09:04   2939   0.007       0   0.000  0.000 write
00:09:05   3030   0.007       0   0.000  0.000 write
00:09:06   3029   0.007       0   0.000  0.000 write
00:09:07   3061   0.008       0   0.000  0.000 write
00:09:08   3001   0.007       0   0.000  0.000 fstat
00:09:09   3070   0.007       0   0.000  0.000 fstat
00:09:10   3021   0.007       0   0.000  0.000 write
00:09:11   2971   0.008       0   0.000  0.000 write
00:09:12   2991   0.007       0   0.000  0.000 write
00:09:13   3056   0.008       0   0.000  0.000 write
00:09:14   3048   0.007       0   0.000  0.000 write
00:09:15   3075   0.007       0   0.000  0.000 write
00:09:16   3079   0.006       0   0.000  0.000 write
00:09:17   3074   0.007       0   0.000  0.000 write
00:09:18   3003   0.006       0   0.000  0.000 write
00:09:19   2993   0.007       0   0.000  0.000 write
00:09:20   3050   0.006       0   0.000  0.000 write
00:09:21   3054   0.007       0   0.000  0.000 write
00:09:22   3059   0.007       0   0.000  0.000 write
00:09:23   3025   0.008       0   0.000  0.000 write
00:09:24   2985   0.008       0   0.000  0.000 write
00:09:25   2995   0.007       0   0.000  0.000 write
00:09:26   2936   0.007       0   0.000  0.000 write
00:09:27   3028   0.008       0   0.000  0.000 write
00:09:28   3012   0.007       0   0.000  0.000 write
00:09:29   3015   0.008       0   0.000  0.000 write
00:09:30   3003   0.007       0   0.000  0.000 write
00:09:31   3024   0.008       0   0.000  0.000 write
00:09:32   2969   0.008       0   0.000  0.000 write
00:09:33   2991   0.007       0   0.000  0.000 write
00:09:34   2997   0.008       0   0.000  0.000 write
00:09:35   3063   0.007       0   0.000  0.000 write
00:09:36   3068   0.006       0   0.000  0.000 write
00:09:37   3065   0.007       0   0.000  0.000 write
00:09:38   3027   0.007       0   0.000  0.000 write
00:09:39   3044   0.007       0   0.000  0.000 write
00:09:40   2966   0.007       0   0.000  0.000 write
00:09:41   2997   0.007       0   0.000  0.000 write
00:09:42   3020   0.007       0   0.000  0.000 fstat
00:09:43   3036   0.008       0   0.000  0.000 write
00:09:44   3017   0.008       0   0.000  0.000 write
00:09:45   3067   0.007       0   0.000  0.000 write
00:09:46   3004   0.007       0   0.000  0.000 write
00:09:47   3021   0.007       0   0.000  0.000 write
00:09:48   2951   0.007       0   0.000  0.000 write
00:09:49   3058   0.008       0   0.000  0.000 fstat
00:09:50   3010   0.007       0   0.000  0.000 write
00:09:51   3034   0.008       0   0.000  0.000 write
00:09:52   3000   0.007       0   0.000  0.000 write
00:09:53   3035   0.008       0   0.000  0.000 write
00:09:54   2934   0.007       0   0.000  0.000 write
00:09:55   2973   0.008       0   0.000  0.000 write
00:09:56   3000   0.008       0   0.000  0.000 write
00:09:57   3032   0.007       0   0.000  0.000 write
00:09:58   3001   0.008       0   0.000  0.000 write
00:09:59   3039   0.008       0   0.000  0.000 write
00:10:00   2983   0.008       0   0.000  0.000 write
00:10:01   2986   0.007       0   0.000  0.000 write
00:10:02   2928   0.007       0   0.000  0.000 fstat
00:10:03   3019   0.008       0   0.000  0.000 fstat
00:10:04   2989   0.008       0   0.000  0.000 write
00:10:05   3019   0.007       0   0.000  0.000 write
00:10:06   3027   0.008       0   0.000  0.000 write
00:10:07   3040   0.008       0   0.000  0.000 write
00:10:08   2975   0.007       0   0.000  0.000 write
00:10:09   2975   0.008       0   0.000  0.000 write
00:10:10   3008   0.008       0   0.000  0.000 write
00:10:11   2997   0.008       0   0.000  0.000 write
00:10:12   2945   0.007       0   0.000  0.000 write
00:10:13   3002   0.007       0   0.000  0.000 write
00:10:14   2962   0.007       0   0.000  0.000 write
00:10:15   3013   0.007       0   0.000  0.000 write
00:10:16   2912   0.007       0   0.000  0.000 write
00:10:17   2960   0.007       0   0.000  0.000 write
00:10:18   2960   0.007       0   0.000  0.000 write
00:10:19   3001   0.007       0   0.000  0.000 write
00:10:20   2956   0.007       0   0.000  0.000 write
00:10:21   3016   0.007       0   0.000  0.000 write
00:10:22   2970   0.008       0   0.000  0.000 write
00:10:23   3014   0.008       0   0.000  0.000 write
00:10:24   2939   0.007       0   0.000  0.000 write
00:10:25   2961   0.007       0   0.000  0.000 write
00:10:26   2994   0.007       0   0.000  0.000 fstat
00:10:27   3022   0.008       0   0.000  0.000 fstat
00:10:28   2965   0.008       0   0.000  0.000 write
00:10:29   3005   0.008       0   0.000  0.000 write
00:10:30   2977   0.008       0   0.000  0.000 write
00:10:31   2988   0.008       0   0.000  0.000 write
00:10:32   2947   0.007       0   0.000  0.000 fstat
00:10:33   3043   0.008       0   0.000  0.000 write
00:10:34   3014   0.007       0   0.000  0.000 write
00:10:35   3044   0.008       0   0.000  0.000 write
00:10:36   3008   0.007       0   0.000  0.000 fstat
00:10:37   3018   0.007       0   0.000  0.000 write
00:10:38   2967   0.008       0   0.000  0.000 write
00:10:39   2978   0.008       0   0.000  0.000 write
00:10:40   2993   0.007       0   0.000  0.000 write
00:10:41   3008   0.008       0   0.000  0.000 write
00:10:42   3004   0.008       0   0.000  0.000 write
00:10:43   3036   0.007       0   0.000  0.000 write
00:10:44   3002   0.008       0   0.000  0.000 write
00:10:45   3012   0.007       0   0.000  0.000 write
00:10:46   2945   0.007       0   0.000  0.000 write
00:10:47   3083   0.007       0   0.000  0.000 write
00:10:48   3038   0.007       0   0.000  0.000 write
00:10:49   3031   0.008       0   0.000  0.000 write
00:10:50   3031   0.008       0   0.000  0.000 write
00:10:51   3021   0.007       0   0.000  0.000 write
00:10:52   2972   0.007       0   0.000  0.000 write
00:10:53   2978   0.007       0   0.000  0.000 write
00:10:54   2930   0.007       0   0.000  0.000 write
00:10:55   3029   0.008       0   0.000  0.000 write
00:10:56   2992   0.008       0   0.000  0.000 write
00:10:57   3037   0.008       0   0.000  0.000 write
00:10:58   3010   0.007       0   0.000  0.000 write
00:10:59   3043   0.007       0   0.000  0.000 write
00:11:00   2982   0.007       0   0.000  0.000 write
00:11:01   3004   0.007       0   0.000  0.000 write
00:11:02   2999   0.008       0   0.000  0.000 write
00:11:03   3033   0.007       0   0.000  0.000 write
00:11:04   3022   0.007       0   0.000  0.000 write
00:11:05   3041   0.007       0   0.000  0.000 write
00:11:06   3007   0.007       0   0.000  0.000 write
00:11:07   3053   0.008       0   0.000  0.000 write
00:11:08   2969   0.007       0   0.000  0.000 write
00:11:09   2979   0.007       0   0.000  0.000 write
00:11:10   3007   0.008       0   0.000  0.000 write
00:11:11   3036   0.008       0   0.000  0.000 write
00:11:12   2994   0.008       0   0.000  0.000 write
00:11:13   3025   0.008       0   0.000  0.000 write
00:11:14   2991   0.007       0   0.000  0.000 fstat
00:11:15   3004   0.007       0   0.000  0.000 write
00:11:16   2949   0.007       0   0.000  0.000 fstat
00:11:17   3060   0.007       0   0.000  0.000 write
00:11:18   3020   0.007       0   0.000  0.000 write
00:11:19   3037   0.007       0   0.000  0.000 write
00:11:20   3022   0.007       0   0.000  0.000 write
00:11:21   3032   0.007       0   0.000  0.000 write
00:11:22   3016   0.007       0   0.000  0.000 write
00:11:23   3030   0.007       0   0.000  0.000 write
00:11:24   2986   0.007       0   0.000  0.000 write
00:11:25   3046   0.008       0   0.000  0.000 write
00:11:26   2988   0.008       0   0.000  0.000 write
00:11:27   3031   0.008       0   0.000  0.000 write
00:11:28   3008   0.008       0   0.000  0.000 write
00:11:29   3040   0.007       0   0.000  0.000 write
00:11:30   2960   0.007       0   0.000  0.000 write
00:11:31   3000   0.007       0   0.000  0.000 write
00:11:32   2992   0.008       0   0.000  0.000 write
00:11:33   3049   0.007       0   0.000  0.000 write
00:11:34   3040   0.007       0   0.000  0.000 fstat
00:11:35   3050   0.008       0   0.000  0.000 write
00:11:36   2997   0.008       0   0.000  0.000 write
00:11:37   3012   0.008       0   0.000  0.000 write
00:11:38   2931   0.007       0   0.000  0.000 write
00:11:39   3058   0.008       0   0.000  0.000 write
00:11:40   3004   0.008       0   0.000  0.000 fstat
00:11:41   3030   0.007       0   0.000  0.000 fstat
00:11:42   3008   0.007       0   0.000  0.000 write
00:11:43   3037   0.007       0   0.000  0.000 fstat
00:11:44   3010   0.007       0   0.000  0.000 write
00:11:45   3038   0.007       0   0.000  0.000 fstat
00:11:46   3060   0.007       0   0.000  0.000 write
00:11:47   3096   0.007       0   0.000  0.000 write
00:11:48   3048   0.007       0   0.000  0.000 write
00:11:49   3089   0.007       0   0.000  0.000 write
00:11:50   3055   0.007       0   0.000  0.000 write
00:11:51   3014   0.008       0   0.000  0.000 write
00:11:52   2971   0.007       0   0.000  0.000 write
00:11:53   3061   0.007       0   0.000  0.000 write
00:11:54   3008   0.007       0   0.000  0.000 write
00:11:55   3038   0.007       0   0.000  0.000 fstat
00:11:56   3013   0.007       0   0.000  0.000 write
00:11:57   3049   0.007       0   0.000  0.000 write
00:11:58   2998   0.007       0   0.000  0.000 write
00:11:59   3006   0.007       0   0.000  0.000 write
00:12:00   2931   0.007       0   0.000  0.000 write
00:12:01   3026   0.007       0   0.000  0.000 write
00:12:02   3002   0.007       0   0.000  0.000 fstat
00:12:03   3015   0.008       0   0.000  0.000 write
00:12:04   3005   0.007       0   0.000  0.000 write
00:12:05   3021   0.008       0   0.000  0.000 write
00:12:06   2973   0.007       0   0.000  0.000 write
00:12:07   2962   0.007       0   0.000  0.000 write
00:12:08   3012   0.007       0   0.000  0.000 write
00:12:09   3053   0.007       0   0.000  0.000 fstat
00:12:10   3001   0.008       0   0.000  0.000 write
00:12:11   3034   0.008       0   0.000  0.000 write
00:12:12   3002   0.007       0   0.000  0.000 write
00:12:13   2953   0.007       0   0.000  0.000 write
00:12:14   2963   0.007       0   0.000  0.000 fstat
00:12:15   3028   0.007       0   0.000  0.000 write
00:12:16   2993   0.007       0   0.000  0.000 write
00:12:17   3045   0.007       0   0.000  0.000 fstat
00:12:18   3022   0.007       0   0.000  0.000 write
00:12:19   3037   0.008       0   0.000  0.000 write
00:12:20   3011   0.007       0   0.000  0.000 fstat
00:12:21   2994   0.007       0   0.000  0.000 fstat
00:12:22   2977   0.007       0   0.000  0.000 write
00:12:23   3034   0.007       0   0.000  0.000 write
00:12:24   3005   0.007       0   0.000  0.000 write
00:12:25   3039   0.007       0   0.000  0.000 write
00:12:26   3003   0.007       0   0.000  0.000 write
00:12:27   3055   0.008       0   0.000  0.000 write
00:12:28   2983   0.007       0   0.000  0.000 write
00:12:29   2979   0.007       0   0.000  0.000 write
00:12:30   3009   0.007       0   0.000  0.000 write
00:12:31   3033   0.007       0   0.000  0.000 write
00:12:32   3015   0.007       0   0.000  0.000 write
00:12:33   3051   0.007       0   0.000  0.000 write
00:12:34   3003   0.008       0   0.000  0.000 write
00:12:35   3030   0.008       0   0.000  0.000 write
00:12:36   2986   0.007       0   0.000  0.000 write
00:12:37   3001   0.007       0   0.000  0.000 write
00:12:38   3018   0.007       0   0.000  0.000 write
00:12:39   3055   0.007       0   0.000  0.000 write
00:12:40   3037   0.007       0   0.000  0.000 write
00:12:41   3044   0.007       0   0.000  0.000 write
00:12:42   3012   0.007       0   0.000  0.000 write
00:12:43   3045   0.007       0   0.000  0.000 write
00:12:44   2960   0.007       0   0.000  0.000 write
00:12:45   3031   0.007       0   0.000  0.000 write
00:12:46   3027   0.007       0   0.000  0.000 write
00:12:47   3063   0.007       0   0.000  0.000 write
00:12:48   3049   0.006       0   0.000  0.000 write
00:12:49   3070   0.007       0   0.000  0.000 write
00:12:50   3078   0.006       0   0.000  0.000 write
00:12:51   2982   0.007       0   0.000  0.000 write
00:12:52   2946   0.008       0   0.000  0.000 pread64
00:12:53   3048   0.008       0   0.000  0.000 write
00:12:54   2984   0.008       0   0.000  0.000 write
00:12:55   3041   0.008       0   0.000  0.000 write
00:12:56   3005   0.008       0   0.000  0.000 write
00:12:57   3060   0.008       0   0.000  0.000 write
00:12:58   3033   0.006       0   0.000  0.000 write
00:12:59   3035   0.006       0   0.000  0.000 write
00:13:00   3045   0.007       0   0.000  0.000 write
00:13:01   3097   0.007       0   0.000  0.000 write
00:13:02   3014   0.007       0   0.000  0.000 write
00:13:03   3020   0.008       0   0.000  0.000 write
00:13:04   2978   0.007       0   0.000  0.000 write
00:13:05   3017   0.008       0   0.000  0.000 write
00:13:06   2902   0.008       0   0.000  0.000 fstat
00:13:07   2994   0.008       0   0.000  0.000 write
00:13:08   2983   0.008       0   0.000  0.000 write
00:13:09   3001   0.008       0   0.000  0.000 write
00:13:10   2991   0.008       0   0.000  0.000 write
00:13:11   3004   0.008       0   0.000  0.000 write
00:13:12   2990   0.008       0   0.000  0.000 write
00:13:13   3007   0.007       0   0.000  0.000 write
00:13:14   3013   0.006       0   0.000  0.000 fstat
00:13:15   3109   0.007       0   0.000  0.000 write
00:13:16   3045   0.006       0   0.000  0.000 write
00:13:17   3089   0.007       0   0.000  0.000 write
00:13:18   3057   0.007       0   0.000  0.000 write
00:13:19   3081   0.007       0   0.000  0.000 write
00:13:20   3053   0.007       0   0.000  0.000 write
00:13:21   2995   0.007       0   0.000  0.000 write
00:13:22   3080   0.006       0   0.000  0.000 write
00:13:23   3090   0.007       0   0.000  0.000 write
00:13:24   3056   0.007       0   0.000  0.000 fstat
00:13:25   3088   0.007       0   0.000  0.000 write
00:13:26   3051   0.007       0   0.000  0.000 write
00:13:27   3037   0.008       0   0.000  0.000 write
00:13:28   2952   0.007       0   0.000  0.000 write
00:13:29   3043   0.008       0   0.000  0.000 write
00:13:30   3022   0.008       0   0.000  0.000 write
00:13:31   3039   0.008       0   0.000  0.000 write
00:13:32   3001   0.008       0   0.000  0.000 write
00:13:33   3048   0.007       0   0.000  0.000 write
00:13:34   2981   0.008       0   0.000  0.000 write
00:13:35   3004   0.007       0   0.000  0.000 write
00:13:36   3047   0.008       0   0.000  0.000 write
00:13:37   3078   0.007       0   0.000  0.000 write
00:13:38   2999   0.008       0   0.000  0.000 write
00:13:39   3064   0.008       0   0.000  0.000 write
00:13:40   3001   0.008       0   0.000  0.000 write
00:13:41   3057   0.008       0   0.000  0.000 write
00:13:42   2977   0.008       0   0.000  0.000 write
00:13:43   2954   0.008       0   0.000  0.000 write
00:13:44   3057   0.007       0   0.000  0.000 write
00:13:45   3058   0.008       0   0.000  0.000 write
00:13:46   3018   0.008       0   0.000  0.000 write
00:13:47   3112   0.007       0   0.000  0.000 write
00:13:48   3007   0.007       0   0.000  0.000 fstat
00:13:49   3045   0.007       0   0.000  0.000 pread64
00:13:50   3018   0.007       0   0.000  0.000 write
00:13:51   3054   0.007       0   0.000  0.000 write
00:13:52   3225   0.015       0   0.000  0.001 ioctl
00:13:53   3026   0.007       0   0.000  0.000 write
00:13:54   2964   0.007       0   0.000  0.000 write
00:13:55   3052   0.008       0   0.000  0.000 write
00:13:56   3061   0.007       0   0.000  0.000 write
00:13:57   3040   0.007       0   0.000  0.000 write
00:13:58   2984   0.007       0   0.000  0.000 write
00:13:59   3030   0.007       0   0.000  0.000 write
00:14:00   2997   0.007       0   0.000  0.000 write
00:14:01   3017   0.007       0   0.000  0.000 write
00:14:02   2978   0.008       0   0.000  0.000 write
00:14:03   3011   0.008       0   0.000  0.000 write
00:14:04   2979   0.008       0   0.000  0.000 write
00:14:05   3025   0.007       0   0.000  0.000 write
00:14:06   2993   0.008       0   0.000  0.000 write
00:14:07   3035   0.007       0   0.000  0.000 write
00:14:08   2982   0.008       0   0.000  0.000 write
00:14:09   3010   0.007       0   0.000  0.000 write
00:14:10   3003   0.007       0   0.000  0.000 write
00:14:11   2983   0.007       0   0.000  0.000 fstat
00:14:12   2976   0.007       0   0.000  0.000 write
00:14:13   3109   0.006       0   0.000  0.000 write
00:14:14   3058   0.006       0   0.000  0.000 write
00:14:15   3104   0.006       0   0.000  0.000 write
00:14:16   3077   0.006       0   0.000  0.000 write
00:14:17   3115   0.006       0   0.000  0.000 write
00:14:18   3106   0.006       0   0.000  0.000 write
00:14:19   3139   0.006       0   0.000  0.000 write
00:14:20   3121   0.006       0   0.000  0.000 write
00:14:21   3158   0.006       0   0.000  0.000 write
00:14:22   3093   0.006       0   0.000  0.000 write
00:14:23   3145   0.006       0   0.000  0.000 write
00:14:24   3110   0.006       0   0.000  0.000 write
00:14:25   3125   0.006       0   0.000  0.000 write
00:14:26   3110   0.005       0   0.000  0.000 write
00:14:27   3171   0.006       0   0.000  0.000 write
00:14:28   3109   0.006       0   0.000  0.000 write
00:14:29   3153   0.006       0   0.000  0.000 write
00:14:30   3117   0.006       0   0.000  0.000 write
00:14:31   3084   0.006       0   0.000  0.000 write
00:14:32   3101   0.006       0   0.000  0.000 write
00:14:33   3033   0.006       0   0.000  0.000 write
00:14:34   3073   0.006       0   0.000  0.000 write
00:14:35   3121   0.006       0   0.000  0.000 write
00:14:36   3084   0.006       0   0.000  0.000 write
00:14:37   3127   0.006       0   0.000  0.000 fstat
00:14:38   3067   0.006       0   0.000  0.000 write
00:14:39   3106   0.006       0   0.000  0.000 write
00:14:40   3057   0.007       0   0.000  0.000 write
00:14:41   3063   0.006       0   0.000  0.000 write
00:14:42   3081   0.006       0   0.000  0.000 fstat
00:14:43   3120   0.006       0   0.000  0.000 write
00:14:44   3070   0.006       0   0.000  0.000 write
00:14:45   3108   0.006       0   0.000  0.000 write
00:14:46   3063   0.006       0   0.000  0.000 write
00:14:47   3110   0.006       0   0.000  0.000 write
00:14:48   3058   0.006       0   0.000  0.000 write
00:14:49   3106   0.006       0   0.000  0.000 write
00:14:50   3057   0.007       0   0.000  0.000 write
00:14:51   3099   0.006       0   0.000  0.000 write
00:14:52   3041   0.007       0   0.000  0.000 write
00:14:53   3039   0.007       0   0.000  0.000 write
00:14:54   3036   0.007       0   0.000  0.000 write
00:14:55   3026   0.006       0   0.000  0.000 write
00:14:56   3040   0.007       0   0.000  0.000 write
00:14:57   3065   0.007       0   0.000  0.000 fstat
00:14:58   3020   0.007       0   0.000  0.000 write
00:14:59   3067   0.007       0   0.000  0.000 fstat
00:15:00   3047   0.007       0   0.000  0.000 fstat
00:15:01   3083   0.006       0   0.000  0.000 write
00:15:02   3047   0.007       0   0.000  0.000 fstat
00:15:03   3065   0.007       0   0.000  0.000 write
00:15:04   3041   0.007       0   0.000  0.000 write
00:15:05   3058   0.007       0   0.000  0.000 write
00:15:06   3034   0.007       0   0.000  0.000 fstat
00:15:07   3114   0.009       0   0.000  0.001 ioctl
00:15:08   3006   0.007       0   0.000  0.000 fstat
00:15:09   3019   0.008       0   0.000  0.000 write
00:15:10   2989   0.007       0   0.000  0.000 write
00:15:11   3031   0.007       0   0.000  0.000 write
00:15:12   2966   0.007       0   0.000  0.000 write
00:15:13   3026   0.007       0   0.000  0.000 write
00:15:14   3000   0.007       0   0.000  0.000 write
00:15:15   3059   0.007       0   0.000  0.000 write
00:15:16   3007   0.007       0   0.000  0.000 write
00:15:17   3039   0.007       0   0.000  0.000 write
00:15:18   3005   0.007       0   0.000  0.000 write
00:15:19   3041   0.007       0   0.000  0.000 write
00:15:20  21930   0.604     130   0.045  0.001 ioctl
00:15:21  65009   1.925     390   0.128  0.001 ioctl
00:15:22  64478   1.753     301   0.099  0.001 fsync
00:15:23  63403   1.481     189   0.061  0.001 fsync
00:15:24  64829   2.328     100   0.037  0.001 fsync
00:15:25  65503   2.507      72   0.028  0.001 fsync
00:15:26  65678   2.595      58   0.024  0.001 fsync
00:15:27  65703   2.553      45   0.020  0.001 fsync
00:15:28  65469   2.502      32   0.016  0.001 fsync
00:15:29  64736   2.316      48   0.022  0.001 fsync
00:15:30  65674   2.596      26   0.014  0.001 fsync
00:15:31  65607   2.646      26   0.016  0.001 fsync
00:15:32  65368   2.552      34   0.018  0.001 fsync
00:15:33  65144   2.447      51   0.024  0.001 fsync
00:15:34  65567   2.766      96   0.040  0.001 fsync
00:15:35  65565   2.724      20   0.013  0.001 fsync
00:15:36  65328   2.643      19   0.012  0.001 fsync
00:15:37  65467   2.710      13   0.009  0.001 fsync
00:15:38  65205   2.610      18   0.012  0.001 fsync
00:15:39  65357   2.719      15   0.010  0.002 fsync
00:15:40  64999   2.673      11   0.010  0.001 fsync
00:15:41  65114   2.733      14   0.011  0.001 fsync
00:15:42  64944   2.647      73   0.030  0.001 fsync
00:15:43  64887   2.580      48   0.023  0.001 fsync
00:15:44  65296   2.758      35   0.019  0.001 fsync
00:15:45  65468   2.813      32   0.016  0.001 fsync
00:15:46  65524   2.924      30   0.016  0.001 fsync
00:15:47  65239   2.705      38   0.035  0.020 write
00:15:48  65151   2.612      46   0.020  0.001 fsync
00:15:49  65320   2.654      46   0.020  0.001 fsync
00:15:50  65318   2.589      39   0.018  0.001 fsync
00:15:51  62585   0.871      43   0.015  0.004 write
00:15:52  60640   0.693      31   0.011  0.001 fsync
00:15:53  62019   0.805      32   0.020  0.009 fsync
00:15:54  62933   0.867      37   0.014  0.001 fsync
00:15:55  61166   0.716      51   0.016  0.002 openat
00:15:56  61633   0.763      48   0.015  0.001 fsync
00:15:57  60626   0.916      56   0.018  0.001 fsync
00:15:58  58926   0.717      40   0.014  0.001 fsync
00:15:59  60264   0.714      56   0.019  0.001 fsync
00:16:00  62409   0.886      60   0.021  0.001 fsync
00:16:01  59549   0.828      67   0.022  0.001 fsync
00:16:02  58402   0.732      58   0.020  0.001 fsync
00:16:03  60369   0.910      44   0.015  0.001 fsync
00:16:04  59933   0.861      42   0.014  0.001 fsync
00:16:05  58138   0.698      37   0.013  0.001 fsync
00:16:06  60420   0.944      38   0.013  0.001 fsync
00:16:07  47378   0.643      22   0.014  0.003 fsync
00:16:08  55619   0.772      32   0.015  0.015 openat
00:16:09  55059   1.041      28   0.200  0.103 fsync
00:16:10  52025   0.838      31   0.131  0.101 fsync
00:16:11  61196   1.563      11   0.007  0.002 fsync
00:16:12  36038   0.706      23   0.280  0.101 fsync
00:16:13  28098   0.397       1   0.100  0.100 fsync
00:16:14  30017   0.403       1   0.100  0.100 fsync
00:16:15  32284   0.393       1   0.100  0.100 fsync
00:16:16  27434   0.394       1   0.100  0.100 fsync
00:16:17  36882   0.535     105   0.190  0.100 fsync
00:16:18  55991   1.805     174   0.064  0.002 fsync
00:16:19  65725   3.229      61   0.024  0.001 fsync
00:16:20  64721   3.080      51   0.168  0.105 fsync
00:16:21  58526   2.105      40   0.013  0.005 write
00:16:22  39655   1.106       4   0.101  0.100 fsync
00:16:23  31877   0.387       1   0.100  0.100 fsync
00:16:24  28319   0.444       5   0.182  0.101 fsync
00:16:25  26249   0.386       1   0.100  0.100 fsync
00:16:26  26880   0.390       1   0.100  0.100 fsync
00:16:27  26781   0.392       1   0.100  0.100 fsync
00:16:28  26674   0.391       1   0.102  0.102 fsync
00:16:29  26624   0.392       1   0.102  0.102 fsync
00:16:30  26654   0.389       1   0.100  0.100 fsync
00:16:31  26873   0.389       1   0.100  0.100 fsync
00:16:32  27087   0.390       1   0.101  0.101 fsync
00:16:33  28119   0.389       1   0.100  0.100 fsync
00:16:34  26960   0.391       1   0.100  0.100 fsync
00:16:35  26701   0.389       1   0.100  0.100 fsync
00:16:36  29271   0.384       1   0.100  0.100 fsync
00:16:37  31768   0.381       1   0.100  0.100 fsync
00:16:38  29108   0.385       1   0.100  0.100 fsync
00:16:39  30022   0.364       1   0.100  0.100 fsync
00:16:40  26410   0.474       2   0.200  0.100 fsync
00:16:41  28646   0.392       1   0.100  0.100 fsync
00:16:42  33991   0.382       1   0.100  0.100 fsync
00:16:43  31296   0.387       1   0.100  0.100 fsync
00:16:44  28981   0.389       1   0.100  0.100 fsync
00:16:45  30215   0.391       1   0.100  0.100 fsync
00:16:46  28319   0.393       1   0.100  0.100 fsync
00:16:47  27749   0.466       2   0.200  0.100 fsync
00:16:48  29464   0.351       4   0.034  0.033 fsync
00:16:49  30192   0.397       1   0.100  0.100 fsync
00:16:50  25510   0.468       5   0.196  0.100 fsync
00:16:51  27751   0.397       1   0.100  0.100 fsync
00:16:52  28205   0.403       1   0.100  0.100 fsync
00:16:53  28053   0.404       1   0.100  0.100 fsync
00:16:54  39577   1.059      45   0.091  0.078 fsync
00:16:55  62908   2.279      19   0.007  0.001 fsync
00:16:56  59692   2.297      22   0.128  0.103 fsync
00:16:57  36954   0.417      31   0.108  0.100 fsync
00:16:58  33546   0.427      11   0.161  0.100 fsync
00:16:59  34989   0.389       7   0.102  0.100 fsync
00:17:00  33753   0.394       4   0.102  0.101 fsync
00:17:01  32401   0.445      11   0.192  0.101 fsync
00:17:02  31556   0.398       7   0.105  0.100 fsync
00:17:03  36467   0.408      11   0.141  0.100 fsync
00:17:04  35841   0.385       7   0.102  0.100 fsync
00:17:05  32245   0.393       7   0.102  0.100 fsync
00:17:06  35018   0.400      11   0.127  0.100 fsync
00:17:07  34542   0.477       8   0.233  0.100 fsync
00:17:08  36437   0.394      11   0.122  0.100 fsync
00:17:09  36516   0.381       7   0.102  0.100 fsync
00:17:10  33761   0.544       8   0.293  0.101 fsync
00:17:11  38152   0.372      10   0.090  0.088 fsync
00:17:12  37552   0.377       7   0.102  0.100 fsync
00:17:13  32543   0.454       8   0.203  0.101 fsync
00:17:14  34427   0.418      11   0.151  0.101 fsync
00:17:15  37183   0.385       7   0.102  0.100 fsync
00:17:16  35443   0.358       7   0.080  0.077 fsync
00:17:17  32240   0.486       8   0.220  0.101 fsync
00:17:18  35713   0.391       7   0.102  0.100 fsync
00:17:19  31818   0.398      10   0.104  0.094 fsync
00:17:20  33332   0.450       8   0.203  0.100 fsync
00:17:21  35385   0.391       7   0.102  0.100 fsync
00:17:22  34778   0.422      11   0.163  0.100 fsync
00:17:23  35560   0.396       7   0.109  0.107 fsync
00:17:24  34242   0.462      11   0.187  0.101 fsync
00:17:25  35404   0.389       7   0.101  0.100 fsync
00:17:26  37421   0.384       7   0.101  0.100 fsync
00:17:27  33975   0.454       8   0.203  0.100 fsync
00:17:28  33401   0.385      10   0.065  0.063 fsync
00:17:29  34528   0.379       7   0.105  0.100 fsync
00:17:30  35127   0.464       8   0.201  0.100 fsync
00:17:31  38137   0.388       7   0.101  0.100 fsync
00:17:32  31757   0.445      11   0.183  0.100 fsync
00:17:33  35876   0.377       7   0.109  0.100 fsync
00:17:34  35635   0.371       7   0.101  0.100 fsync
00:17:35  31944   0.350       7   0.101  0.100 fsync
00:17:36  29055   0.480       8   0.202  0.101 fsync
00:17:37  35686   0.372       7   0.102  0.100 fsync
00:17:38  35462   0.374       7   0.104  0.101 fsync
00:17:39  32778   0.346       7   0.102  0.100 fsync
00:17:40  35358   0.467       8   0.203  0.100 fsync
00:17:41  36667   0.370       7   0.103  0.101 fsync
00:17:42  33750   0.353       7   0.102  0.100 fsync
00:17:43  34039   0.472       8   0.202  0.100 fsync
00:17:44  36200   0.379       7   0.104  0.101 fsync
00:17:45  35603   0.373       7   0.102  0.100 fsync
00:17:46  33318   0.450       8   0.203  0.101 fsync
00:17:47  36424   0.377       7   0.102  0.100 fsync
00:17:48  36073   0.374       7   0.102  0.100 fsync
00:17:49  34287   0.459       8   0.203  0.101 fsync
00:17:50  37044   0.388       7   0.102  0.101 fsync
00:17:51  34747   0.393       4   0.101  0.100 fsync
00:17:52  10720   0.340      11   0.138  0.101 fsync
00:17:53   2308   0.006       6   0.002  0.000 fsync
00:17:54   2251   0.006       6   0.002  0.000 fsync
00:17:55   2281   0.006       6   0.002  0.000 fsync
00:17:56   2275   0.006       6   0.002  0.000 fsync
00:17:57   2309   0.006       6   0.002  0.000 fsync
00:17:58   2245   0.006       6   0.002  0.000 fsync
00:17:59   2292   0.006       6   0.002  0.000 fsync
00:18:00   2305   0.006       6   0.002  0.000 fsync
00:18:01   2365   0.006       6   0.002  0.000 fsync
00:18:02   2255   0.006       6   0.002  0.000 fsync
00:18:03   2325   0.006       6   0.002  0.000 fsync
00:18:04   2252   0.006       6   0.002  0.000 fsync
00:18:05   2357   0.006       6   0.002  0.000 fsync
00:18:06   2178   0.005       6   0.002  0.000 fsync
00:18:07   2332   0.006       6   0.002  0.000 fsync
00:18:08   2268   0.005       4   0.001  0.000 fsync
00:18:09   2247   0.005       5   0.001  0.000 fsync
00:18:10   2218   0.006       6   0.002  0.001 ioctl
00:18:11   2323   0.006       6   0.002  0.000 fsync
00:18:12   2264   0.006       6   0.002  0.000 fsync
00:18:13   2276   0.006       6   0.002  0.000 fsync
00:18:14   2298   0.006       6   0.002  0.000 fsync
00:18:15   2343   0.006       6   0.002  0.000 fsync
00:18:16   2343   0.007       6   0.002  0.000 fsync
00:18:17   2320   0.006       6   0.002  0.000 fsync
00:18:18   2343   0.006       6   0.002  0.000 fsync
00:18:19   2328   0.006       6   0.002  0.000 fsync
00:18:20   2255   0.006       6   0.002  0.000 fsync
00:18:21   2394   0.006       6   0.002  0.000 fsync
00:18:22   2356   0.006       6   0.002  0.000 fsync
00:18:23   2323   0.006       6   0.002  0.000 fsync
00:18:24   2261   0.006       6   0.002  0.000 fsync
00:18:25   2321   0.006       6   0.002  0.000 fsync
00:18:26   2233   0.005       6   0.002  0.000 fsync
00:18:27   2350   0.006       6   0.002  0.000 fsync
00:18:28   2291   0.006       6   0.002  0.000 fsync
00:18:29  48498   0.541     602   0.164  0.001 ioctl
00:18:30  47994   0.390     266   0.072  0.000 fsync
00:18:31  34034   0.330     333   0.090  0.000 fsync
00:18:32  41557   0.440     762   0.203  0.001 fsync
00:18:33  29208   0.285     315   0.084  0.001 fsync
00:18:34  13223   0.128      66   0.018  0.000 fsync
00:18:35  16342   0.150      48   0.014  0.000 fsync
00:18:36  13222   0.120      51   0.014  0.000 fsync
00:18:37  10494   0.094      51   0.014  0.000 fsync
00:18:38  15296   0.142      63   0.017  0.000 fsync
00:18:39  14746   0.135      45   0.013  0.000 fsync
00:18:40  11333   0.100      27   0.008  0.000 fsync
00:18:41  13364   0.113       6   0.002  0.001 fsync
00:18:42  16274   0.145      14   0.005  0.001 fsync
00:18:43  11252   0.093       6   0.002  0.001 fsync
00:18:44  12780   0.110      14   0.004  0.001 fsync
00:18:45  15873   0.134       6   0.002  0.001 fsync
00:18:46  13279   0.116      14   0.005  0.001 fsync
00:18:47  11307   0.093       6   0.002  0.001 fsync
00:18:48  16035   0.136       6   0.002  0.001 fsync
00:18:49  12412   0.105       6   0.002  0.001 fsync
00:18:50  11277   0.091       6   0.002  0.001 fsync
00:18:51  15995   0.137       6   0.002  0.001 fsync
00:18:52  14581   0.126       6   0.002  0.001 fsync
00:18:53  19391   0.180      17   0.006  0.001 fsync
00:18:54  29091   0.305      77   0.022  0.004 openat
00:18:55  42937   0.595      55   0.020  0.002 fsync
00:18:56  43303   0.679      38   0.123  0.101 fsync
00:18:57  44504   0.687       6   0.163  0.102 fsync
00:18:58  46349   0.748      50   0.198  0.097 fsync
00:18:59  46827   0.671      34   0.129  0.103 fsync
00:19:00  46296   0.647      21   0.132  0.102 fsync
00:19:01  44337   0.800      35   0.238  0.101 fsync
00:19:02  46776   0.638      23   0.087  0.080 fsync
00:19:03  43655   0.679      38   0.113  0.102 fsync
00:19:04  42603   0.639      22   0.107  0.101 fsync
00:19:05  40837   0.716      24   0.167  0.101 fsync
00:19:06  42734   0.548      38   0.011  0.001 write
00:19:07  41843   0.660       7   0.103  0.101 fsync
00:19:08  43881   0.803     228   0.167  0.101 fsync
00:19:09  53826   0.945     411   0.259  0.102 fsync
00:19:10  54586   1.033     505   0.289  0.101 fsync
00:19:11  59703   1.227     480   0.139  0.000 fsync
00:19:12  56685   1.318     643   0.353  0.102 fsync
00:19:13  57950   1.209     595   0.173  0.000 fsync
00:19:14  56583   1.294     584   0.329  0.102 fsync
00:19:15  55201   1.257     627   0.351  0.102 fsync
00:19:16  58653   1.143     592   0.171  0.001 fsync
00:19:17  54476   1.101     448   0.300  0.103 fsync
00:19:18  53773   0.915     539   0.151  0.001 fsync
00:19:19  55651   1.236     645   0.358  0.101 fsync
00:19:20  54927   1.156     621   0.336  0.102 fsync
00:19:21  57141   1.137     626   0.181  0.001 fsync
00:19:22  53402   1.096     565   0.328  0.102 fsync
00:19:23  55461   1.098     620   0.224  0.023 fsync
00:19:24  58251   1.296     706   0.316  0.101 fsync
00:19:25  54021   1.251     407   0.311  0.102 fsync
00:19:26  59142   1.009     367   0.103  0.002 fstat
00:19:27  57201   1.092     519   0.281  0.103 fsync
00:19:28  52993   1.032     431   0.269  0.108 fsync
00:19:29  60883   1.180     637   0.182  0.001 fsync
00:19:30  55006   1.209     579   0.355  0.104 fsync
00:19:31  59047   1.217     695   0.201  0.001 fsync
00:19:32  60477   1.325     702   0.344  0.105 fsync
00:19:33  57382   1.111     580   0.303  0.105 fsync
00:19:34  59347   1.157     621   0.180  0.001 fsync
00:19:35  53012   1.050     489   0.300  0.103 fsync
00:19:36  50985   1.191     399   0.290  0.101 fsync
00:19:37  52619   0.820     387   0.109  0.000 fsync
00:19:38  54485   1.193     561   0.281  0.105 fsync
00:19:39  53438   1.488     485   0.416  0.103 fsync
00:19:40  55103   0.974     456   0.131  0.000 fsync
00:19:41  52182   1.365     407   0.298  0.102 fsync
00:19:42  52860   0.988     402   0.246  0.104 fsync
00:19:43  58847   1.133     609   0.176  0.000 fsync
00:19:44  48564   1.070     323   0.262  0.104 fsync
00:19:45  53580   1.087     539   0.293  0.103 fsync
00:19:46  48273   0.944     456   0.162  0.034 fsync
00:19:47  52743   1.118     547   0.300  0.101 fsync
00:19:48  54033   0.966     577   0.161  0.001 fsync
00:19:49  51341   0.971     342   0.253  0.102 fsync
00:19:50  54475   1.211     584   0.302  0.087 fsync
00:19:51  48626   0.857     243   0.240  0.102 fsync
00:19:52  52723   0.848     338   0.095  0.001 write
00:19:53  51738   1.103     530   0.331  0.103 fsync
00:19:54  53647   1.120     507   0.306  0.102 fsync
00:19:55  52201   0.948     454   0.166  0.039 fsync
00:19:56  52910   1.101     536   0.280  0.102 fsync
00:19:57  52941   0.826     320   0.104  0.002 fsync
00:19:58  52101   1.065     458   0.293  0.101 fsync
00:19:59  45469   0.819     207   0.239  0.102 fsync
00:20:00  51050   0.796     257   0.078  0.002 fsync
00:20:01  51431   0.870     196   0.180  0.101 fsync
00:20:02  53352   0.990     256   0.201  0.102 fsync
00:20:03  50060   0.953     232   0.190  0.103 fsync
00:20:04  53809   0.953     360   0.123  0.020 fsync
00:20:05  54355   1.145     424   0.246  0.101 fsync
00:20:06  52089   1.061     316   0.261  0.102 fsync
00:20:07  53218   0.796     203   0.059  0.001 fsync
00:20:08  52913   1.034     287   0.263  0.101 fsync
00:20:09  52098   1.064     364   0.249  0.089 fsync
00:20:10  56606   1.031     373   0.108  0.001 fsync
00:20:11  54266   1.478     421   0.308  0.102 fsync
00:20:12  53029   1.317     397   0.313  0.103 fsync
00:20:13  54284   0.976     312   0.204  0.101 fsync
00:20:14  53497   0.895     290   0.132  0.049 fsync
00:20:15  51130   0.970     313   0.229  0.102 fsync
00:20:16  54868   0.975     404   0.118  0.002 fsync
00:20:17  52807   1.011     311   0.214  0.101 fsync
00:20:18  51234   1.045     299   0.230  0.079 fsync
00:20:19  52194   1.167     353   0.292  0.102 fsync
00:20:20  52447   0.770     231   0.065  0.000 fsync
00:20:21  51310   1.158     360   0.290  0.102 fsync
00:20:22  52533   1.575     374   0.302  0.102 fsync
00:20:23  56156   1.087     416   0.201  0.064 fsync
00:20:24  50952   0.879     245   0.221  0.101 fsync
00:20:25  56610   0.896     392   0.111  0.001 fsync
00:20:26  48062   0.862     278   0.229  0.101 fsync
00:20:27  54460   1.015     482   0.266  0.103 fsync
00:20:28  50122   0.730      99   0.129  0.101 fsync
00:20:29  49229   0.825     313   0.166  0.066 fsync
00:20:30  55898   1.224     588   0.312  0.102 fsync
00:20:31  56274   1.071     464   0.135  0.000 fsync
00:20:32  51970   1.074     387   0.273  0.102 fsync
00:20:33  53203   1.033     400   0.253  0.102 fsync
00:20:34  53344   0.963     523   0.169  0.003 fsync
00:20:35  55192   1.035     399   0.218  0.099 fsync
00:20:36  53494   0.996     312   0.252  0.101 fsync
00:20:37  52389   0.952     335   0.242  0.103 fsync
00:20:38  49846   0.900     292   0.197  0.102 fsync
00:20:39  52431   0.812     276   0.079  0.000 fsync
00:20:40  50811   1.191     378   0.275  0.102 fsync
00:20:41  52915   1.029     375   0.213  0.087 fsync
00:20:42  50517   0.930     286   0.230  0.101 fsync
00:20:43  52112   0.815     277   0.081  0.003 fsync
00:20:44  54498   0.949     328   0.218  0.105 fsync
00:20:45  49178   0.989     255   0.312  0.102 fsync
00:20:46  51435   0.791     242   0.070  0.004 close
00:20:47  50249   0.930     221   0.232  0.103 fsync
00:20:48  50354   0.842     226   0.188  0.103 fsync
00:20:49  49563   1.485     290   0.291  0.107 fsync
00:20:50  51512   0.784     242   0.070  0.000 fsync
00:20:51  50250   1.181     308   0.275  0.102 fsync
00:20:52  50328   0.950     276   0.198  0.104 fsync
00:20:53  52978   1.044     460   0.244  0.102 fsync
00:20:54  53437   0.718     188   0.054  0.000 fsync
00:20:55  53418   1.206     329   0.256  0.105 fsync
00:20:56  51496   1.030     252   0.192  0.102 fsync
00:20:57  50251   0.853     224   0.194  0.105 fsync
00:20:58  51055   0.929     370   0.233  0.102 fsync
00:20:59  51910   0.772     206   0.060  0.000 fsync
00:21:00  48744   0.852     188   0.201  0.103 fsync
00:21:01  49047   0.830     218   0.177  0.102 fsync
00:21:02  48817   1.342     210   0.252  0.103 fsync
00:21:03  51675   0.784     245   0.071  0.000 fsync
00:21:04  49824   0.889     358   0.220  0.102 fsync
00:21:05  45820   0.921     140   0.191  0.105 fsync
00:21:06  47452   0.813     223   0.168  0.102 fsync
00:21:07  47867   0.809     258   0.184  0.105 fsync
00:21:08  52633   0.857     404   0.113  0.000 fsync
00:21:09  49090   0.844     310   0.192  0.102 fsync
00:21:10  48527   0.973     244   0.317  0.105 fsync
00:21:11  46972   0.784     216   0.170  0.103 fsync
00:21:12  46120   0.864     160   0.086  0.066 write
00:21:13  50329   0.862     274   0.183  0.104 fsync
00:21:14  46149   0.966     134   0.183  0.103 fsync
00:21:15  47398   0.773     213   0.175  0.104 fsync
00:21:16  45223   0.815     117   0.231  0.102 fsync
00:21:17  46342   0.736     142   0.149  0.105 fsync
00:21:18  50418   0.794     378   0.104  0.000 fsync
00:21:19  41255   0.846     161   0.210  0.101 fsync
00:21:20  45883   0.830     162   0.147  0.101 fsync
00:21:21  48959   0.674     112   0.033  0.000 fsync
00:21:22  47534   0.839      94   0.200  0.102 fsync
00:21:23  48341   0.753     140   0.180  0.098 fsync
00:21:24  46589   0.777      90   0.220  0.101 fsync
00:21:25  47422   0.680      68   0.142  0.100 fsync
00:21:26  47345   0.721      95   0.187  0.102 fsync
00:21:27  46005   0.715      93   0.150  0.080 fsync
00:21:28  46020   0.666      67   0.120  0.101 fsync
00:21:29  48588   0.850     213   0.209  0.102 fsync
00:21:30  46728   0.938     125   0.243  0.102 fsync
00:21:31  53585   0.816     230   0.161  0.061 fsync
00:21:32  51044   0.954     312   0.243  0.103 fsync
00:21:33  51334   0.839     230   0.196  0.101 fsync
00:21:34  51085   0.964     335   0.245  0.089 fsync
00:21:35  49763   1.023     348   0.314  0.101 fsync
00:21:36  49225   0.911     320   0.232  0.101 fsync
00:21:37  54116   0.946     426   0.121  0.000 ftruncate
00:21:38  49409   1.083     427   0.341  0.103 fsync
00:21:39  52718   0.876     388   0.110  0.000 fsync
00:21:40  53708   1.149     542   0.316  0.102 fsync
00:21:41  51491   1.060     419   0.280  0.103 fsync
00:21:42  42203   0.674      41   0.153  0.101 fsync
00:21:43  38244   0.480      10   0.029  0.026 fsync
00:21:44  38103   0.552      19   0.107  0.101 fsync
00:21:45  39419   0.778      13   0.384  0.103 fsync
00:21:46  39610   0.612      11   0.214  0.103 fsync
00:21:47  36820   0.581       4   0.165  0.107 fsync
00:21:48  36754   0.549       7   0.126  0.104 fsync
00:21:49  34990   0.524      10   0.096  0.094 fsync
00:21:50  35273   0.489       7   0.103  0.102 fsync
00:21:51  37794   0.505       4   0.107  0.106 fsync
00:21:52  38984   0.512       7   0.103  0.101 fsync
00:21:53  36394   0.510      10   0.052  0.049 fsync
00:21:54  35101   0.494       7   0.103  0.101 fsync
00:21:55  34442   0.579      11   0.182  0.101 fsync
00:21:56  35831   0.506       7   0.103  0.101 fsync
00:21:57  37042   0.522       7   0.103  0.101 fsync
00:21:58  37001   0.520       7   0.104  0.102 fsync
00:21:59  35488   0.476      10   0.068  0.065 fsync
00:22:00  34759   0.493       7   0.103  0.101 fsync
00:22:01  35525   0.498       7   0.103  0.100 fsync
00:22:02  36737   0.518       7   0.105  0.101 fsync
00:22:03  39890   0.567      21   0.109  0.101 fsync
00:22:04  40244   0.639      21   0.108  0.071 fsync
00:22:05  35149   0.502       7   0.102  0.101 fsync
00:22:06  36659   0.519       7   0.103  0.101 fsync
00:22:07  43954   0.598       7   0.104  0.102 fsync
00:22:08  40365   0.589      10   0.105  0.102 fsync
00:22:09  46914   0.600       7   0.022  0.020 fsync
00:22:10  44527   0.547       7   0.022  0.020 fsync
00:22:11  46223   0.567       7   0.022  0.020 fsync
00:22:12  56728   2.131      20   0.027  0.019 fsync
00:22:13  67096   3.636      22   0.012  0.002 fsync
00:22:14  57967   2.587      32   0.012  0.001 fsync
00:22:15  56896   2.114      58   0.040  0.020 fsync
00:22:16  66294   3.293      79   0.031  0.001 fsync
00:22:17  63872   2.792      89   0.031  0.001 fstat
00:22:18  56220   1.924      25   0.026  0.018 fsync
00:22:19  31627   0.343       7   0.020  0.018 fsync
00:22:20  31470   0.332       7   0.021  0.019 fsync
00:22:21  35482   0.331       8   0.039  0.019 fsync
00:22:22  31447   0.334       7   0.020  0.018 fsync
00:22:23  34119   0.325       7   0.021  0.019 fsync
00:22:24  35835   0.331       8   0.039  0.019 fsync
00:22:25  32177   0.332       7   0.020  0.018 fsync
00:22:26  32644   0.335       7   0.022  0.020 fsync
00:22:27  32211   0.336       7   0.020  0.018 fsync
00:22:28  32218   0.337       7   0.021  0.020 fsync
00:22:29  29812   0.387       7   0.097  0.095 fsync
00:22:30  27044   0.367       7   0.104  0.102 fsync
00:22:31  28993   0.485       8   0.203  0.101 fsync
00:22:32  29669   0.396       7   0.105  0.104 fsync
00:22:33  30098   0.401       7   0.105  0.103 fsync
00:22:34  30341   0.405       7   0.107  0.102 fsync
00:22:35  25654   0.486      10   0.141  0.101 fsync
00:22:36  34826   0.389       8   0.103  0.101 fsync
00:22:37  36377   0.386       7   0.103  0.101 fsync
00:22:38  30984   0.398       7   0.103  0.102 fsync
00:22:39  28097   0.380       7   0.104  0.103 fsync
00:22:40  36001   0.478      11   0.195  0.101 fsync
00:22:41  36239   0.388       7   0.103  0.102 fsync
00:22:42  28183   0.455      11   0.168  0.103 fsync
00:22:43  29922   0.404       7   0.105  0.104 fsync
00:22:44  30323   0.405       7   0.103  0.101 fsync
00:22:45  29991   0.408      10   0.099  0.097 fsync
00:22:46  30070   0.403       7   0.101  0.100 fsync
00:22:47  30323   0.401       7   0.101  0.100 fsync
00:22:48  28074   0.378       7   0.103  0.100 fsync
00:22:49  30042   0.492      11   0.183  0.100 fsync
00:22:50  30289   0.398       7   0.101  0.100 fsync
00:22:51  30758   0.401       7   0.101  0.100 fsync
00:22:52  33543   0.437       8   0.161  0.100 fsync
00:22:53  30195   0.403       4   0.106  0.105 fsync
00:22:54  30589   0.400      10   0.089  0.086 fsync
00:22:55  30534   0.401       7   0.101  0.100 fsync
00:22:56  30337   0.400       7   0.101  0.100 fsync
00:22:57  27965   0.433      11   0.143  0.100 fsync
00:22:58  29831   0.363       7   0.067  0.066 fsync
00:22:59  31054   0.330       7   0.019  0.018 fsync
00:23:00  31273   0.330       7   0.019  0.018 fsync
00:23:01  31498   0.329       7   0.019  0.018 fsync
00:23:02  31597   0.338       8   0.038  0.019 fsync
00:23:03  35891   0.319       7   0.020  0.019 fsync
00:23:04  36578   0.317       7   0.020  0.019 fsync
00:23:05  31554   0.341       8   0.039  0.019 fsync
00:23:06  31560   0.330       7   0.020  0.018 fsync
00:23:07  34486   0.322       7   0.020  0.019 fsync
00:23:08  39228   0.327       8   0.038  0.018 fsync
00:23:09  37329   0.325       7   0.020  0.019 fsync
00:23:10  31807   0.338       7   0.020  0.018 fsync
00:23:11  32012   0.337       7   0.020  0.018 fsync
00:23:12  31581   0.350       8   0.038  0.018 fsync
00:23:13  31871   0.337       7   0.020  0.018 fsync
00:23:14  32153   0.340       7   0.021  0.019 fsync
00:23:15  32980   0.338       7   0.019  0.018 fsync
00:23:16  32239   0.341       7   0.020  0.019 fsync
00:23:17  38553   0.346       8   0.038  0.018 fsync
00:23:18  32868   0.410      11   0.028  0.018 fsync
00:23:19  33427   0.346       7   0.019  0.018 fsync
00:23:20  33037   0.347       7   0.020  0.018 fsync
00:23:21  32235   0.358      11   0.025  0.018 fsync
00:23:22  33181   0.348       7   0.019  0.018 fsync
00:23:23  33807   0.361       8   0.038  0.018 fsync
00:23:24  39653   0.341      11   0.024  0.018 fsync
00:23:25  41104   0.332       7   0.019  0.017 fsync
00:23:26  36569   0.358      11   0.036  0.017 fsync
00:23:27  33457   0.347       7   0.019  0.018 fsync
00:23:28  33562   0.348       7   0.019  0.018 fsync
00:23:29  32707   0.363      11   0.029  0.018 fsync
00:23:30  32978   0.349       7   0.019  0.018 fsync
00:23:31  22489   0.208      11   0.034  0.018 fsync
00:23:32   2281   0.005       6   0.002  0.000 fsync
00:23:33   2273   0.005       6   0.002  0.000 fsync
00:23:34   2324   0.006       6   0.002  0.000 fsync
00:23:35   2363   0.006       6   0.002  0.000 fsync
00:23:36   2264   0.005       6   0.002  0.000 fsync
00:23:37   2290   0.006       6   0.002  0.000 fsync
00:23:38   2378   0.006       6   0.002  0.000 fsync
00:23:39   2240   0.005       6   0.002  0.000 fsync
00:23:40   2378   0.006       6   0.002  0.000 fsync
00:23:41   2393   0.006       6   0.002  0.000 fsync
00:23:42   2267   0.005       6   0.002  0.000 fsync
00:23:43   2308   0.006       6   0.002  0.000 fsync
00:23:44   2285   0.005       3   0.001  0.000 fsync
00:23:45   2134   0.003       3   0.001  0.000 fsync
00:23:46   2271   0.005       6   0.002  0.000 fsync
00:23:47   2322   0.006       6   0.002  0.000 fsync
00:23:48   2312   0.006       6   0.002  0.000 fsync
00:23:49   2307   0.006       6   0.002  0.000 fsync
00:23:50   2268   0.005       6   0.002  0.000 fsync
00:23:51   2422   0.007       6   0.002  0.000 fsync
00:23:52   2216   0.005       6   0.002  0.000 fsync
00:23:53   2383   0.006       6   0.002  0.000 fsync
00:23:54   2287   0.005       6   0.002  0.000 fsync
00:23:55   2290   0.006       6   0.002  0.000 fsync
00:23:56   2287   0.005       6   0.002  0.000 fsync
00:23:57   2328   0.006       6   0.002  0.000 fsync
00:23:58   2284   0.005       6   0.002  0.000 fsync
00:23:59   2378   0.006       6   0.002  0.000 fsync
00:24:00   2235   0.005       6   0.002  0.000 fsync
00:24:01   2350   0.006       6   0.002  0.000 fsync
00:24:02   2278   0.005       6   0.002  0.000 fsync
00:24:03   2333   0.006       6   0.002  0.000 fsync
00:24:04   2292   0.006       6   0.002  0.000 fsync
00:24:05   2327   0.006       6   0.002  0.000 fsync
00:24:06   2269   0.006       6   0.002  0.000 fsync
00:24:07   2296   0.006       6   0.002  0.000 fsync
00:24:08   2259   0.006       6   0.002  0.000 fsync
00:24:09   2357   0.006       6   0.002  0.000 fsync
00:24:10   2338   0.006       6   0.002  0.000 fsync
00:24:11   2308   0.006       6   0.002  0.000 fsync
00:24:12   2383   0.007       6   0.002  0.000 fsync
00:24:13   2303   0.006       6   0.002  0.000 fsync
00:24:14   2314   0.006       6   0.002  0.000 fsync
00:24:15   2342   0.006       6   0.002  0.000 fsync
00:24:16   2297   0.006       6   0.002  0.000 fsync
00:24:17   2338   0.005       6   0.002  0.000 fsync
00:24:18   2331   0.006       6   0.002  0.000 fsync
00:24:19   2315   0.006       6   0.002  0.000 fsync
00:24:20   2350   0.006       6   0.002  0.000 fsync
00:24:21   2325   0.006       6   0.002  0.000 fsync
00:24:22   2287   0.006       6   0.002  0.000 fsync
00:24:23   2355   0.006       6   0.002  0.000 fsync
00:24:24   2330   0.006       6   0.002  0.000 fsync
00:24:25   2273   0.006       6   0.002  0.000 fsync
00:24:26   2314   0.006       6   0.002  0.000 fsync
00:24:27   2336   0.006       6   0.002  0.000 fsync
00:24:28   2320   0.006       6   0.002  0.000 fsync
00:24:29   2317   0.006       6   0.002  0.000 fsync
00:24:30   2281   0.006       6   0.002  0.000 fsync
00:24:31   2263   0.005       6   0.002  0.000 fsync
00:24:32   2279   0.006       6   0.002  0.000 fsync
00:24:33   2320   0.006       6   0.002  0.000 fsync
00:24:34   2338   0.006       6   0.002  0.000 fsync
00:24:35   2287   0.006       6   0.002  0.000 fsync
00:24:36   2340   0.006       6   0.002  0.000 fsync
00:24:37   2119   0.003       0   0.000  0.000 access
00:24:38   2222   0.005       6   0.002  0.000 fsync
00:24:39   2268   0.006       6   0.002  0.000 fsync
00:24:40   2327   0.006       6   0.002  0.000 fsync
00:24:41   2310   0.006       6   0.002  0.000 fsync
00:24:42   2324   0.006       6   0.002  0.000 fsync
00:24:43   2341   0.006       6   0.002  0.000 fsync
00:24:44   2256   0.005       6   0.002  0.000 fsync
00:24:45   2321   0.006       6   0.002  0.000 fsync
00:24:46   2318   0.006       6   0.002  0.000 fsync
00:24:47   2320   0.006       6   0.002  0.000 fsync
00:24:48   2325   0.006       6   0.002  0.000 fsync
00:24:49   2319   0.006       6   0.002  0.000 fsync
00:24:50   2369   0.007       6   0.002  0.000 fsync
00:24:51   2318   0.006       6   0.002  0.000 fsync
00:24:52   2358   0.006       6   0.002  0.000 fsync
00:24:53   2288   0.006       6   0.002  0.000 fsync
00:24:54   2339   0.006       6   0.002  0.000 fsync
00:24:55   2278   0.006       6   0.002  0.000 fsync
00:24:56   2375   0.006       6   0.002  0.000 fsync
00:24:57   2356   0.006       6   0.002  0.000 fsync
00:24:58   2324   0.006       6   0.002  0.000 fsync
00:24:59   2296   0.006       6   0.002  0.000 fsync
00:25:00   2343   0.006       6   0.002  0.000 fsync
00:25:01   2297   0.006       6   0.002  0.000 fsync
00:25:02   2304   0.006       6   0.002  0.000 fsync
00:25:03   2292   0.006       6   0.002  0.000 fsync
00:25:04   2317   0.006       6   0.002  0.000 fsync
00:25:05   2364   0.006       6   0.002  0.000 fsync
00:25:06   2304   0.006       6   0.002  0.000 fsync
00:25:07   2365   0.006       6   0.002  0.000 fsync
00:25:08   2306   0.006       6   0.002  0.000 fsync
00:25:09   2242   0.005       6   0.002  0.000 fsync
00:25:10   2365   0.006       6   0.002  0.000 fsync
00:25:11   2257   0.006       6   0.002  0.000 fsync
00:25:12   2367   0.006       6   0.002  0.000 fsync
00:25:13   2368   0.006       6   0.002  0.000 fsync
00:25:14   2277   0.005       6   0.002  0.000 fsync
00:25:15   2269   0.005       6   0.002  0.000 fsync
00:25:16   2376   0.006       6   0.002  0.000 fsync
00:25:17   2289   0.006       6   0.002  0.000 fsync
00:25:18   2299   0.006       6   0.002  0.000 fsync
00:25:19   2369   0.007       6   0.002  0.000 fsync
00:25:20   2251   0.005       6   0.002  0.000 fsync
00:25:21   2283   0.006       6   0.002  0.000 fsync
00:25:22   2326   0.006       6   0.002  0.000 fsync
00:25:23   2320   0.006       6   0.002  0.000 fsync
00:25:24   2348   0.006       6   0.002  0.000 fsync
00:25:25   2295   0.006       6   0.002  0.000 fsync
00:25:26   2390   0.006       6   0.002  0.000 fsync
00:25:27   2318   0.006       6   0.002  0.000 fsync
00:25:28   2375   0.006       6   0.002  0.000 fsync
00:25:29   2273   0.005       6   0.002  0.000 fsync
00:25:30   2221   0.005       3   0.001  0.000 fsync
00:25:31   2144   0.004       3   0.001  0.000 fsync
00:25:32   2324   0.006       6   0.002  0.000 fsync
00:25:33   2247   0.005       6   0.002  0.000 fsync
00:25:34   2365   0.006       6   0.002  0.000 fsync
00:25:35   2298   0.006       6   0.002  0.000 fsync
00:25:36   2300   0.006       6   0.002  0.000 fsync
00:25:37   2313   0.006       6   0.002  0.000 fsync
00:25:38   2354   0.006       6   0.002  0.000 fsync
00:25:39   2334   0.006       6   0.002  0.000 fsync
00:25:40   2298   0.005       6   0.002  0.000 fsync
00:25:41   2202   0.005       6   0.002  0.000 fsync
00:25:42   2421   0.006       6   0.002  0.000 fsync
00:25:43   2268   0.005       6   0.002  0.000 fsync
00:25:44   2351   0.006       6   0.002  0.000 fsync
00:25:45   2305   0.006       6   0.002  0.000 fsync
00:25:46   2248   0.005       6   0.002  0.000 fsync
00:25:47   2265   0.005       6   0.002  0.000 fsync
00:25:48   2307   0.005       6   0.002  0.000 fsync
00:25:49   2259   0.006       6   0.002  0.000 fsync
00:25:50   2403   0.007       6   0.002  0.000 fsync
00:25:51   2282   0.006       6   0.002  0.000 fsync
00:25:52   2310   0.006       6   0.002  0.000 fsync
00:25:53   2331   0.006       6   0.002  0.000 fsync
00:25:54   2242   0.005       6   0.002  0.000 fsync
00:25:55   2281   0.006       6   0.002  0.000 fsync
00:25:56   2304   0.005       6   0.002  0.000 fsync
00:25:57   2247   0.005       6   0.002  0.000 fsync
00:25:58   2335   0.006       6   0.002  0.000 fsync
00:25:59   2304   0.006       6   0.002  0.000 fsync
00:26:00  19668   0.145      24   0.008  0.000 ftruncate
00:26:01  39491   0.342       8   0.038  0.018 fsync
00:26:02  33337   0.347       7   0.020  0.018 fsync
00:26:03  32529   0.349      10   0.015  0.012 fsync
00:26:04  32425   0.357       8   0.037  0.018 fsync
00:26:05  32641   0.346       7   0.021  0.018 fsync
00:26:06  34776   0.365      11   0.034  0.019 fsync
00:26:07  40737   0.327       7   0.020  0.018 fsync
00:26:08  40345   0.341       8   0.038  0.018 fsync
00:26:09  36673   0.337      10   0.021  0.019 fsync
00:26:10  31412   0.331       7   0.020  0.018 fsync
00:26:11  31603   0.329       7   0.019  0.018 fsync
00:26:12  37088   0.327       8   0.038  0.018 fsync
00:26:13  39770   0.310       7   0.020  0.018 fsync
00:26:14  39392   0.324       8   0.038  0.018 fsync
00:26:15  39637   0.311       7   0.020  0.018 fsync
00:26:16  37920   0.327       8   0.038  0.018 fsync
00:26:17  39796   0.313       7   0.020  0.019 fsync
00:26:18  32932   0.330       7   0.022  0.020 fsync
00:26:19  31400   0.347       8   0.038  0.019 fsync
00:26:20  32110   0.337       7   0.020  0.018 fsync
00:26:21  32166   0.336       7   0.020  0.018 fsync
00:26:22  32043   0.332       1   0.018  0.018 fsync
00:26:23  32199   0.336       7   0.021  0.019 fsync
00:26:24  31409   0.349       8   0.040  0.020 fsync
00:26:25  32273   0.338       7   0.020  0.019 fsync
00:26:26  32683   0.342       7   0.021  0.020 fsync
00:26:27  32679   0.340       7   0.020  0.018 fsync
00:26:28  38335   0.347       8   0.041  0.020 fsync
00:26:29  29592   0.413      10   0.029  0.020 fsync
00:26:30  32290   0.361       8   0.021  0.019 fsync
00:26:31  33337   0.351       7   0.020  0.018 fsync
00:26:32  32532   0.354      10   0.021  0.019 fsync
00:26:33  32774   0.352       7   0.028  0.026 fsync
00:26:34  29040   0.381       7   0.096  0.094 fsync
00:26:35  28944   0.486      11   0.186  0.104 fsync
00:26:36  30527   0.406       7   0.105  0.104 fsync
00:26:37  30773   0.405       7   0.102  0.100 fsync
00:26:38  30045   0.410      11   0.104  0.101 fsync
00:26:39  30474   0.410       7   0.111  0.100 fsync
00:26:40  31861   0.462      11   0.192  0.100 fsync
00:26:41  30243   0.402       7   0.101  0.100 fsync
00:26:42  30021   0.400       7   0.106  0.104 fsync
00:26:43  28592   0.441      11   0.145  0.103 fsync
00:26:44  30551   0.403       7   0.102  0.100 fsync
00:26:45  30239   0.403       7   0.105  0.103 fsync
00:26:46  29145   0.428      11   0.128  0.100 fsync
00:26:47  30263   0.399       7   0.101  0.100 fsync
00:26:48  30463   0.400       7   0.102  0.100 fsync
00:26:49  31332   0.431      11   0.135  0.100 fsync
00:26:50  37724   0.384       7   0.101  0.100 fsync
00:26:51  32082   0.401       7   0.102  0.100 fsync
00:26:52  27260   0.472      11   0.191  0.100 fsync
00:26:53  30152   0.401       7   0.102  0.100 fsync
00:26:54  30301   0.399       7   0.102  0.100 fsync
00:26:55  30659   0.403       7   0.101  0.100 fsync
00:26:56   3089   0.079      10   0.050  0.048 fsync
00:26:57   2295   0.006       6   0.002  0.000 fsync
00:26:58   2279   0.005       6   0.002  0.000 fsync
00:26:59   2279   0.006       6   0.002  0.000 fsync
00:27:00   2387   0.006       6   0.002  0.000 fsync
00:27:01   2268   0.005       6   0.002  0.000 fsync
00:27:02   2273   0.006       6   0.002  0.000 fsync
00:27:03   2317   0.006       6   0.002  0.000 fsync
00:27:04   2316   0.006       6   0.002  0.000 fsync
00:27:05   2247   0.005       6   0.002  0.000 fsync
00:27:06   2377   0.006       6   0.002  0.000 fsync
00:27:07   2258   0.006       6   0.002  0.000 fsync
00:27:08   2292   0.006       6   0.002  0.000 fsync
00:27:09   2349   0.006       6   0.002  0.000 fsync
00:27:10   2217   0.005       6   0.002  0.000 fsync
00:27:11   2312   0.006       6   0.002  0.000 fsync
00:27:12   2189   0.003       0   0.000  0.000 write
00:27:13   2210   0.005       6   0.002  0.000 fsync
00:27:14   2313   0.006       6   0.002  0.000 fsync
00:27:15   2336   0.006       6   0.002  0.000 fsync
00:27:16   2379   0.006       6   0.002  0.000 fsync
00:27:17   2227   0.005       6   0.002  0.000 fsync
00:27:18   2265   0.005       6   0.002  0.000 fsync
00:27:19   2231   0.005       6   0.002  0.000 fsync
00:27:20   2219   0.005       6   0.002  0.000 fsync
00:27:21   2201   0.005       6   0.002  0.000 fsync
00:27:22   2237   0.005       6   0.002  0.000 fsync
00:27:23   2200   0.005       6   0.002  0.000 fsync
00:27:24   2326   0.006       6   0.002  0.000 fsync
00:27:25   2256   0.006       6   0.002  0.000 fsync
00:27:26   1171   0.004       6   0.002  0.000 fsync
