1790921061 4672328
1790921062 4672328
1790921063 4672328
1790921064 4672328
1790921065 4672328
1790921066 4672328
1790921067 4672328
1790921068 4672328
1790921069 4672328
1790921070 4672328
1790921071 4672328
1790921072 4672328
1790921073 4672328
1790921074 4672328
1790921075 4672328
1790921076 4672328
1790921077 4672328
1790921078 4672328
1790921079 4672328
1790921080 4672328
1790921081 4672328
1790921082 4672328
1790921083 4672328
1790921084 4672328
1790921085 4672328
1790921086 4672328
1790921087 4672328
1790921088 4672328
1790921089 4672328
1790921090 4672328
1790921091 4672328
1790921092 4672328
1790921093 4672328
1790921094 4672328
1790921095 4672328
1790921096 4672328
1790921097 4672328
1790921098 4672328
1790921099 4672328
1790921101 4672328
1790921102 4672328
1790921103 4672328
1790921104 4672328
1790921105 4672328
1790921106 4672328
1790921107 4672328
1790921108 4672328
1790921109 4672328
1790921110 4672332
1790921111 4672332
1790921112 4672332
1790921113 4672336
1790921114 4672336
1790921115 4672336
1790921116 4672336
1790921117 4672340
1790921118 4672340
1790921119 4672340
1790921120 4672344
1790921121 4672344
1790921122 4672344
1790921123 4672344
1790921124 4672348
1790921125 4672348
1790921126 4672348
1790921127 4672348
1790921128 4672348
1790921129 4672348
1790921130 4672348
1790921131 4672348
1790921132 4672348
1790921133 4672348
1790921134 4672348
1790921135 4672352
1790921136 4672352
1790921137 4672352
1790921138 4672356
1790921139 4672356
1790921140 4672356
1790921141 4672356
1790921142 4672356
1790921143 4672356
1790921144 4672356
1790921145 4672356
1790921147 4672356
1790921148 4672356
1790921149 4672356
1790921150 4672356
1790921151 4672356
1790921152 4672360
1790921153 4672360
1790921154 4672360
1790921155 4672360
1790921156 4672360
1790921157 4672360
1790921158 4672360
1790921159 4672360
1790921160 4672360
1790921161 4672360
1790921162 4672360
1790921163 4672360
1790921164 4672360
1790921165 4672360
1790921166 4672360
1790921167 4672360
1790921168 4672360
1790921169 4672360
1790921170 4672360
1790921171 4672360
1790921172 4672360
1790921173 4672360
1790921174 4672360
1790921175 4672360
1790921176 4672360
1790921177 4672360
1790921178 4672360
1790921179 4672360
1790921180 4672360
1790921181 4672360
1790921182 4672360
1790921183 4672360
1790921184 4672360
1790921185 4672360
1790921186 4672360
1790921187 4672360
1790921188 4672360
1790921189 4672360
1790921190 4672360
1790921191 4672360
1790921192 4672360
1790921193 4672360
1790921194 4672360
1790921195 4672360
1790921196 4672360
1790921197 4672360
1790921198 4672360
1790921199 4672360
1790921200 4672360
1790921201 4672360
1790921202 4672360
1790921203 4672360
1790921204 4672840
1790921205 4675352
1790921206 4675352
1790921207 4675352
1790921208 4675352
1790921209 4675352
1790921210 4675352
1790921211 4675352
1790921212 4675352
1790921213 4675352
1790921214 4675352
1790921215 4675352
1790921216 4675352
1790921217 4675352
1790921218 4675352
1790921219 4675352
1790921220 4675352
1790921221 4675352
1790921222 4675352
1790921223 4675352
1790921224 4675352
1790921225 4675352
1790921226 4675352
1790921227 4675352
1790921228 4675352
1790921229 4675352
1790921230 4675352
1790921231 4675352
1790921232 4675352
1790921233 4675352
1790921234 4675352
1790921235 4675352
1790921236 4603160
1790921237 4603160
1790921238 4603160
1790921239 4603160
1790921240 4603160
1790921241 4603160
1790921242 4603160
1790921243 4603160
1790921244 4603160
1790921245 4603160
1790921246 4603160
1790921247 4603160
1790921248 4603160
1790921249 4603160
1790921250 4603160
1790921251 4603160
1790921252 4603160
1790921253 4603160
1790921254 4603160
1790921255 4603160
1790921256 4603160
1790921257 4603160
1790921258 4603160
1790921259 4603160
1790921260 4603160
1790921261 4603160
1790921262 4603160
1790921263 4603160
1790921264 4603160
1790921265 4603160
