1790920862 4646984
1790920863 4647524
1790920864 4650180
1790920865 4653892
1790920866 4657480
1790920867 4660432
1790920868 4663252
1790920869 4665692
1790920870 4668128
1790920871 4670436
1790920872 4672872
1790920873 4674668
1790920874 4676464
1790920875 4678128
1790920876 4679664
1790920877 4681328
1790920878 4682864
1790920879 4684276
1790920880 4685688
1790920881 4686968
1790920882 4688380
1790920883 4689792
1790920884 4691072
1790920885 4692356
1790920886 4693512
1790920887 4694792
1790920888 4696076
1790920889 4697232
1790920890 4698384
1790920891 4699536
1790920892 4700688
1790920893 4701840
1790920894 4702992
1790920895 4704016
1790920896 4705168
1790920897 4706192
1790920898 4707216
1790920899 4708372
1790920900 4709396
1790920901 4710296
1790920902 4711320
1790920903 4712348
1790920904 4713372
1790920905 4714272
1790920906 4715296
1790920907 4716196
1790920908 4717092
1790920909 4717992
1790920910 4719016
1790920911 4719916
1790920912 4720812
1790920913 4721584
1790920914 4722480
1790920915 4723380
1790920916 4724276
1790920917 4725044
1790920918 4725944
1790920919 4726712
1790920920 4727612
1790920921 4728508
1790920922 4729280
1790920923 4730176
1790920924 4730948
1790920925 4731716
1790920926 4732616
1790920927 4733384
1790920928 4734152
1790920929 4734924
1790920930 4735692
1790920931 4736592
1790920932 4737360
1790920933 4738128
1790920934 4738772
1790920935 4739540
1790920936 4740308
1790920937 4741080
1790920938 4741848
1790920939 4742620
1790920940 4743260
1790920941 4744028
1790920942 4744800
1790920943 4745440
1790920944 4746212
1790920945 4746852
1790920946 4747492
1790920947 4748260
1790920948 4749032
1790920949 4749672
1790920950 4750316
1790920951 4750956
1790920952 4751596
1790920953 4752368
1790920954 4753008
1790920955 4753648
1790920956 4754292
1790920957 4754932
1790920958 4755572
1790920959 4756216
1790920960 4756856
1790920961 4757496
1790920962 4758140
1790920963 4758908
1790920964 4759548
1790920965 4760064
1790920966 4760704
1790920967 4761344
1790920968 4761984
1790920969 4762624
1790920970 4763264
1790920971 4763776
1790920972 4764416
1790920973 4764928
1790920974 4765568
1790920975 4766208
1790920976 4766720
1790920977 4767360
1790920978 4768004
1790920979 4768644
1790920980 4769156
1790920981 4770276
1790920982 4770788
1790920983 4771300
1790920984 4771940
1790920985 4772580
1790920986 4773092
1790920987 4773732
1790920988 4774244
1790920989 4774760
1790920990 4775400
1790920991 4775912
1790920992 4776552
1790920993 4777064
1790920994 4777580
1790920995 4778224
1790920996 4778736
1790920997 4779376
1790920998 4779888
1790920999 4780404
1790921000 4781044
1790921001 4781556
1790921002 4782068
1790921003 4782580
1790921004 4783092
1790921005 4783732
1790921006 4784248
1790921007 4784760
1790921008 4785276
1790921009 4785788
1790921010 4796632
1790921011 4796632
1790921012 4796632
1790921013 4796632
1790921014 4796632
1790921015 4796632
1790921016 4796632
1790921017 4796632
1790921018 4796632
1790921019 4796632
1790921020 4796632
1790921021 4796632
1790921022 4796632
1790921023 4796632
1790921024 4796632
1790921025 4796632
1790921026 4796632
1790921027 4796632
1790921028 4796632
1790921029 4796632
1790921031 4796632
1790921032 4796632
1790921033 4796632
1790921034 4796632
1790921035 4796632
1790921036 4796632
1790921037 4796632
1790921038 4796632
1790921039 4796632
1790921040 4796632
1790921041 4796632
