% time     seconds  usecs/call     calls    errors syscall
------ ----------- ----------- --------- --------- ----------------
 60.78   94.880810        2022     46918      3388 futex
 24.07   37.571912         712     52730           recvfrom
 10.63   16.598017       24847       668           clock_nanosleep
  1.72    2.688534      206810        13           accept
  0.94    1.470133      294026         5         1 restart_syscall
  0.37    0.577433          12     46239     13650 openat
  0.25    0.387558           5     66683     62256 access
  0.21    0.332858          10     31765           write
  0.21    0.326283           3     84264     80574 unlink
  0.21    0.323670           2    113440    112288 mkdir
  0.20    0.316093          17     17808           fsync
  0.13    0.195957          11     17553           writev
  0.08    0.126181           3     32589           close
  0.06    0.086945          37      2319           clone3
  0.05    0.071610           7      9263           rt_sigprocmask
  0.03    0.039834           8      4922           read
  0.02    0.038478           2     17809           fstat
  0.02    0.024477          10      2338           madvise
  0.01    0.015390           6      2319           rseq
  0.01    0.013684           5      2319           set_robust_list
  0.01    0.009106          42       213           munmap
  0.00    0.007486          17       433           mprotect
  0.00    0.006187          25       247           mmap
  0.00    0.005760           3      1460           getpeername
  0.00    0.001758          13       132           setsockopt
  0.00    0.000258          43         6         6 connect
  0.00    0.000080          13         6           getsockopt
  0.00    0.000072          12         6           socket
  0.00    0.000066           3        18           fcntl
  0.00    0.000053           8         6           pselect6
  0.00    0.000018          18         1           rename
  0.00    0.000002           2         1           getpid
------ ----------- ----------- --------- --------- ----------------
100.00  156.116703         281    554493    272163 total
STRACE_OK
