poll                  8260176    77029.354   1235.604
futex                23929225    52968.650   1211.245
clock_nanosleep         89239     3709.094      2.000
accept                     60     1205.521    252.475
write                23671730      626.295      0.033
openat                7520240      387.333      0.049
close                 4952854      174.101      0.059
recvfrom               631689      163.441      0.739
read                  6262378      158.067      0.002
fsync                   37488      114.902      3.573
fstat                 2711420       81.047      0.001
writev                 317698       46.641      0.007
pread64                182237       13.635      0.005
mkdir                  282928       11.567      0.001
access                  85143        2.111      0.003
unlink                  27890        1.125      0.065
madvise                  4151        1.078      0.002
pwrite64                14230        0.615      0.001
