futex                 2027627    63701.158   1096.071
poll                  8065113     6732.246      0.782
read                 10760001     3978.572    416.149
recvfrom                17599      516.456     30.496
clock_nanosleep           199      117.610      0.800
writev                 205045       68.390      0.672
write                 4915319       56.024      0.007
mprotect               141359        1.845      0.007
munmap                    138        0.524      0.039
getsockopt              17609        0.227      0.000
ioctl                     975        0.211      0.001
socket                    214        0.026      0.012
recvmsg                   642        0.014      0.000
setsockopt                963        0.013      0.000
close                     365        0.010      0.004
sendto                    214        0.008      0.000
mmap                      299        0.008      0.001
fcntl                     537        0.007      0.000
