poll                  9291053    73500.278    932.957
futex                25073767    52739.995   1226.977
clock_nanosleep         89373     3714.078      2.000
accept                     59     1478.277    524.538
restart_syscall             1     1227.007   1227.007
write                24236263      689.189      0.047
openat                7470907      430.261      0.010
read                  7534362      218.222      0.003
close                 4948117      211.003      0.006
recvfrom               602616      140.384      0.211
fstat                 3259226      118.421      0.004
fsync                   38784       85.129      3.834
writev                 299507       45.763      0.002
mkdir                  286516       13.774      0.003
pread64                144088       13.039      0.002
madvise                  9907        2.742      0.003
unlink                  15090        1.221      0.233
access                  40217        1.168      0.001
