futex                 1971706    60758.541   1026.258
poll                  8037473     6764.070      0.959
read                 10662568     4326.397    390.274
recvfrom                15276      539.445     30.508
clock_nanosleep           200      117.262      0.800
writev                 205068       81.599      0.764
write                 4915299       57.535      0.002
pselect6                  107        2.072      1.035
mprotect                78955        0.960      0.003
munmap                    147        0.596      0.040
getsockopt              17389        0.242      0.000
ioctl                     978        0.207      0.001
socket                    214        0.027      0.010
recvmsg                   642        0.014      0.000
setsockopt                963        0.011      0.000
mmap                      309        0.009      0.001
sendto                    214        0.008      0.000
fcntl                     537        0.006      0.000
