poll                  9701301    58985.997   1226.982
futex                46813313    55951.385   1227.017
clock_nanosleep         83595     3621.739      2.000
accept                    100     2188.496    471.307
write                24549143      957.335      0.091
openat                7491055      495.234      0.044
read                  7441688      280.671      0.050
close                 4960990      266.406      0.033
recvfrom              1328038      186.461      0.673
fstat                 3385862      162.001      0.001
fsync                   68960      114.029      1.395
mkdir                  293632       18.067      0.001
pread64                306150       16.428      0.050
writev                 291821        8.079      0.047
munmap                    591        6.015      0.098
mprotect                64461        2.121      0.050
access                  46974        1.855      0.000
pwrite64                27536        1.574      0.000
