sec writev poll read write
22:13:17      0      0       0      0
22:13:18      0      1       0      0
22:13:19      0      1       0      0
22:13:20      0      1       0      0
22:13:21      0      1       0      0
22:13:22      0      1       0      0
22:13:23      0      1       0      0
22:13:24      0      1       0      0
22:13:25      0      1       0      0
22:13:26     26     50     121     24
22:13:27      0      1       0      0
22:13:28      0      1       0      0
22:13:29      0      1       0      0
22:13:30      0      1       0      0
22:13:31      0      1       0      0
22:13:32      0      1       0      0
22:13:33      0      1       0      0
22:13:34      0      1       0      0
22:13:35      0      1       0      0
22:13:36      0      1       0      0
22:13:37      0      1       0      0
22:13:38      0      1       0      0
22:13:39      0      1       0      0
22:13:40      0      1       0      0
22:13:41      0      1       0      0
22:13:42      0      1       0      0
22:13:43      0      1       0      0
22:13:44      0      1       0      0
22:13:45      0      1       0      0
22:13:46      0      1       0      0
22:13:47      0      1       0      0
22:13:48      0      1       0      0
22:13:49      0      1       0      0
22:13:50      0      1       0      0
22:13:51      0      1       0      0
22:13:52      0      1       0      0
22:13:53      0      1       0      0
22:13:54      0      1       0      0
22:13:55      0      1       0      0
22:13:56      0      1       0      0
22:13:57      0      1       0      0
22:13:58      0      1       0      0
22:13:59      0      1       0      0
22:14:00      0      1       0      0
22:14:01      0      1       0      0
22:14:02      0      1       0      0
22:14:03      0      1       0      0
22:14:04      0      1       0      0
22:14:05      0      1       0      0
22:14:06      0      1       0      0
22:14:07      0      1       0      0
22:14:08      0      1       0      0
22:14:09      0      1       0      0
22:14:10      0      1       0      0
22:14:11      0      1       0      0
22:14:12      0      1       0      0
22:14:13      0      1       0      0
22:14:14      0      1       0      0
22:14:15      0      1       0      0
22:14:16      0      1       0      0
22:14:17      0      1       0      0
22:14:18      0      1       0      0
22:14:19      0      1       0      0
22:14:20      0      1       0      0
22:14:21      0      1       0      0
22:14:22      0      1       0      0
22:14:23      0      1       0      0
22:14:24      0      1       0      0
22:14:25      0      1       0      0
22:14:26      0      1       0      0
22:14:27      0      1       0      0
22:14:28      0      1       0      0
22:14:29      0      1       0      0
22:14:30      0      1       0      0
22:14:31      0      1       0      0
22:14:32      0      1       0      0
22:14:33      0      1       0      0
22:14:34      0      1       0      0
22:14:35    398    796    1988    397
22:14:36    876   1752    4378    876
22:14:37   1038   2076    5192   1038
22:14:38   1289   2578    6445   1289
22:14:39   1250   2500    6250   1250
22:14:40   1105   2210    5525   1105
22:14:41    985   1970    4924    985
22:14:42    730   1460    3651    730
22:14:43   1061   2122    5305   1061
22:14:44   1069   2138    5345   1069
22:14:45   1061   2124    5309   1062
22:14:46   1047   2094    5235   1047
22:14:47   1514   2991    7496   1577
22:14:48   1597   3193    7968   1672
22:14:49   1500   2998    7493   1575
22:14:50   1485   2979    7438   1558
22:14:51   1531   3094    7717   1604
22:14:52   1517   3079    7672   1601
22:14:53   1327   2538    6397   1323
22:14:54   1037   2011    5052   1051
22:14:55    713   1540    3797    797
22:14:56    950   1766    4471    914
22:14:57    836   1740    4319    903
22:14:58    742   1580    3905    817
22:14:59    962   1868    4687    966
22:15:00    681   1481    3631    759
22:15:01   1024   1964    4949   1018
22:15:02    670   1447    3563    745
22:15:03    996   1985    4958   1032
22:15:04    845   1697    4236    876
22:15:05    678   1467    3610    754
22:15:06    687   1486    3658    765
22:15:07   1061   2081    5215   1073
22:15:08    811   1695    4198    876
22:15:09    728   1574    3881    813
22:15:10    929   1928    4780   1002
22:15:11    724   1565    3851    806
22:15:12    797   1660    4111    856
22:15:13    796   1694    4183    879
22:15:14    793   1682    4154    870
22:15:15    865   1822    4504    946
22:15:16    799   1667    4128    860
22:15:17    667   1443    3550    742
22:15:18    704   1521    3746    789
22:15:19    804   1681    4156    868
22:15:20    763   1541    3816    798
22:15:21    854   1682    4226    874
22:15:22    637   1388    3415    718
22:15:23    623   1240    3094    639
22:15:24    509   1120    2745    570
22:15:25    654   1419    3487    726
22:15:26    798   1741    4271    896
22:15:27   1538   2586    6696   1344
22:15:28    862   1865    4600    973
22:15:29    696   1507    3707    778
22:15:30    961   1779    4439    959
22:15:31    622   1326    3273    682
22:15:32   1062   1980    5019   1025
22:15:33    651   1392    3429    712
22:15:34    633   1352    3337    695
22:15:35    617   1319    3253    676
22:15:36    950   1875    4686    968
22:15:37    558   1439    3051    982
22:15:38    589   1483    3207    971
22:15:39    940   1745    4428    902
22:15:40    789   1689    4164    866
22:15:41    776   1653    4085    852
22:15:42    860   1710    4281    883
22:15:43    528   1186    2902    612
22:15:44    612   1362    3335    704
22:15:45   1090   2098    5233   1095
22:15:46    760   1516    3793    795
22:15:47    929   1695    4310    877
22:15:48    795   1282    3347    661
22:15:49    782   1227    3239    643
22:15:50    774   1214    3193    633
22:15:51    741   1146    3029    595
22:15:52    886   1366    3609    709
22:15:53    950   1456    3854    757
22:15:54    944   1441    3831    755
22:15:55    874   1368    3607    713
22:15:56    881   1357    3597    708
22:15:57    812   1254    3319    653
22:15:58    813   1250    3305    645
22:15:59    917   1412    3733    734
22:16:00    591   1147    2880    592
22:16:01   1309   2133    5556   1109
22:16:02   1342   2120    5574   1115
22:16:03   1600   2529    6652   1316
22:16:04    661   1394    3449    723
22:16:05   1499   2201    5883   1146
22:16:06    814   1480    3760    773
22:16:07    495   1052    2604    544
22:16:08    750   1340    3422    695
22:16:09    621   1160    2943    604
22:16:10    861   1354    3567    709
22:16:11    832   1284    3400    669
22:16:12    907   1381    3673    725
22:16:13    800   1243    3286    648
22:16:14    720   1140    2996    592
22:16:15    736   1166    3065    607
22:16:16    749   1178    3107    614
22:16:17    824   1287    3395    671
22:16:18    925   1436    3805    752
22:16:19    816   1294    3398    671
22:16:20    807   1272    3348    657
22:16:21    753   1172    3096    593
22:16:22    770   1205    3174    609
22:16:23    765   1192    3146    605
22:16:24    776   1221    3212    623
22:16:25    754   1181    3108    596
22:16:26    762   1200    3160    620
22:16:27    845   1300    3444    668
22:16:28    894   1380    3652    710
22:16:29    935   1436    3806    749
22:16:30    920   1439    3801    751
22:16:31    935   1475    3889    771
22:16:32    936   1480    3895    771
22:16:33    925   1458    3841    760
22:16:34    939   1482    3898    769
22:16:35    793   1272    3331    660
22:16:36   1008   1572    4149    822
22:16:37    923   1448    3827    758
22:16:38    856   1323    3506    685
22:16:39   1032   1576    4183    824
22:16:40   1134   1781    4681    930
22:16:41   1213   1967    5128   1027
22:16:42   1297   2102    5470   1098
22:16:43   1261   2038    5307   1059
22:16:44   1147   1848    4828    967
22:16:45   1088   1786    4641    925
22:16:46   1105   1806    4691    937
22:16:47   1061   1723    4493    896
22:16:48   1863   2617    7083   1370
22:16:49   2107   2885    7862   1509
22:16:50   1968   2714    7388   1422
22:16:51   1207   1774    4752    926
22:16:52    969   1490    3941    773
22:16:53    867   1315    3497    687
22:16:54   1868   2582    7021   1379
22:16:55   1503   2157    5813   1132
22:16:56    901   1437    3761    741
22:16:57    933   1475    3878    767
22:16:58    938   1482    3899    771
22:16:59    945   1504    3940    777
22:17:00    954   1508    3969    786
22:17:01    768   1136    3040    591
22:17:02   1294   1811    4906    955
22:17:03   2078   2735    7528   1433
22:17:04   1538   2087    5711   1094
22:17:05   1065   1616    4296    844
22:17:06   1339   1887    5120    994
22:17:07    831   1283    3387    657
22:17:08    941   1448    3835    754
22:17:09    772   1214    3203    634
22:17:10    737   1158    3051    605
22:17:11    805   1256    3317    656
22:17:12    945   1462    3878    762
22:17:13    911   1434    3783    749
22:17:14    807   1279    3353    661
22:17:15    878   1377    3620    699
22:17:16    922   1450    3820    757
22:17:17    819   1294    3405    672
22:17:18    780   1211    3201    631
22:17:19   1812   2415    6639   1264
22:17:20   1037   1549    4127    804
22:17:21    742   1138    3022    595
22:17:22   1166   1662    4475    861
22:17:23    930   1460    3850    760
22:17:24    856   1343    3543    702
22:17:25    833   1302    3430    674
22:17:26    836   1269    3381    669
22:17:27    860   1327    3516    694
22:17:28   1275   1817    4916    954
22:17:29    870   1349    3570    702
22:17:30    890   1355    3604    714
22:17:31    903   1411    3722    733
22:17:32    963   1478    3927    773
22:17:33   1637   2240    6112   1179
22:17:34    785   1240    3260    643
22:17:35    844   1300    3445    679
22:17:36    822   1265    3349    657
22:17:37    869   1363    3600    713
22:17:38    875   1374    3616    713
22:17:39    869   1366    3600    712
22:17:40   1218   1755    4732    916
22:17:41    858   1324    3493    685
22:17:42   1017   1483    3973    774
22:17:43    730   1160    3036    599
22:17:44    757   1195    3138    621
22:17:45   1309   1900    5105    993
22:17:46    758   1197    3147    623
22:17:47    927   1465    3849    760
22:17:48    775   1230    3224    636
22:17:49    808   1256    3319    656
22:17:50    866   1358    3587    711
22:17:51    988   1497    3983    780
22:17:52   1019   1556    4132    812
22:17:53   1184   1786    4752    931
22:17:54   1236   1851    4930    969
22:17:55    950   1505    3951    780
22:17:56    960   1517    3991    788
22:17:57    928   1474    3867    764
22:17:58   1547   2235    6009   1167
22:17:59    922   1438    3793    746
22:18:00    759   1206    3164    625
22:18:01    756   1196    3142    619
22:18:02    748   1185    3115    617
22:18:03    740   1172    3081    610
22:18:04    750   1189    3116    614
22:18:05    854   1308    3464    680
22:18:06   1481   2012    5493   1053
22:18:07    755   1196    3144    622
22:18:08    781   1232    3242    640
22:18:09   1056   1630    4315    847
22:18:10   1202   1772    4741    928
22:18:11    919   1456    3823    755
22:18:12    929   1470    3862    764
22:18:13   1305   1904    5107    989
22:18:14    945   1494    3930    777
22:18:15    955   1512    3970    784
22:18:16    934   1484    3891    768
22:18:17    943   1498    3928    775
22:18:18   1326   1920    5160   1004
22:18:19    891   1381    3651    718
22:18:20   1041   1510    4055    786
22:18:21    742   1174    3087    611
22:18:22    731   1151    3035    601
22:18:23    743   1171    3078    608
22:18:24    747   1150    3041    597
22:18:25    725   1124    2973    586
22:18:26   1106   1595    4282    826
22:18:27    729   1161    3042    602
22:18:28    748   1178    3100    612
22:18:29    733   1158    3049    603
22:18:30    720   1142    2998    592
22:18:31    730   1157    3034    598
22:18:32    782   1226    3232    641
22:18:33    928   1420    3770    741
22:18:34    934   1436    3801    747
22:18:35   1272   1849    4964    961
22:18:36   1339   1944    5218   1014
22:18:37    917   1438    3801    753
22:18:38    939   1490    3910    772
22:18:39    916   1451    3808    752
22:18:40    756   1199    3150    624
22:18:41    735   1154    3042    601
22:18:42    748   1189    3119    616
22:18:43    732   1168    3056    602
22:18:44    843   1306    3447    679
22:18:45    873   1355    3578    707
22:18:46    788   1219    3228    634
22:18:47    757   1193    3137    618
22:18:48    880   1378    3631    719
22:18:49   1621   2167    5952   1137
22:18:50   1477   2004    5484   1052
22:18:51    880   1368    3623    717
22:18:52    906   1396    3709    733
22:18:53   1294   1847    4984    974
22:18:54    889   1382    3658    723
22:18:55    747   1180    3103    612
22:18:56    735   1152    3043    603
22:18:57    740   1173    3079    609
22:18:58   1103   1581    4245    825
22:18:59    743   1178    3093    610
22:19:00    752   1191    3125    618
22:19:01   1123   1609    4333    839
22:19:02    722   1148    3012    595
22:19:03    746   1178    3099    613
22:19:04    747   1174    3092    612
22:19:05   1102   1579    4261    825
22:19:06    734   1165    3059    605
22:19:07    751   1178    3111    616
22:19:08    733   1149    3036    602
22:19:09   1198   1736    4669    904
22:19:10   1025   1558    4140    813
22:19:11    922   1452    3829    759
22:19:12    912   1440    3784    748
22:19:13   1098   1574    4233    817
22:19:14    721   1143    3003    594
22:19:15    652   1043    2725    538
22:19:16    731   1154    3037    600
22:19:17    834   1318    3463    686
22:19:18   1286   1858    4996    975
22:19:19    926   1462    3850    760
22:19:20    929   1470    3866    765
22:19:21    927   1454    3839    760
22:19:22   1130   1700    4520    887
22:19:23   1084   1620    4333    851
22:19:24    935   1465    3872    769
22:19:25   1312   1906    5124    995
22:19:26    935   1470    3880    770
22:19:27    910   1426    3772    747
22:19:28   1291   1866    5023    978
22:19:29    934   1470    3877    768
22:19:30    917   1452    3815    753
22:19:31    899   1420    3735    739
22:19:32    727   1154    3029    598
22:19:33    925   1301    3524    677
22:19:34      0      1       0      0
22:19:35      0      1       0      0
22:19:36      0      1       0      0
22:19:37      0      1       0      0
22:19:38      0      1       0      0
22:19:39      0      1       0      0
22:19:40      0      1       0      0
22:19:41      0      1       0      0
22:19:42      0      1       0      0
22:19:43      1      6      14      2
